500 11221
0 5
0 45
0 59
0 64
0 70
0 82
0 95
0 99
0 124
0 134
0 140
0 143
0 155
0 169
0 213
0 248
0 274
0 280
0 306
0 308
0 309
0 371
0 383
0 429
0 461
0 467
0 492
0 495
0 496
0 497
1 12
1 21
1 32
1 105
1 128
1 139
1 146
1 147
1 164
1 207
1 227
1 247
1 258
1 259
1 276
1 282
1 300
1 301
1 311
1 390
1 396
1 423
1 433
1 445
2 3
2 40
2 77
2 88
2 130
2 161
2 236
2 250
2 389
2 391
2 409
3 48
3 50
3 54
3 66
3 98
3 113
3 126
3 156
3 175
3 195
3 219
3 238
3 270
3 300
3 329
3 342
3 353
3 355
3 416
3 423
3 460
3 497
4 7
4 19
4 29
4 50
4 63
4 172
4 192
4 231
4 234
4 235
4 288
4 322
4 339
4 362
4 373
4 411
4 462
4 476
5 67
5 80
5 89
5 162
5 179
5 181
5 191
5 216
5 221
5 328
5 346
5 356
5 377
5 387
5 399
5 425
5 445
5 477
5 485
5 491
6 39
6 43
6 56
6 123
6 142
6 159
6 167
6 216
6 248
6 279
6 281
6 308
6 310
6 315
6 342
6 370
6 424
6 437
6 451
6 464
6 481
7 23
7 24
7 59
7 65
7 106
7 133
7 203
7 214
7 257
7 273
7 282
7 301
7 331
7 339
7 366
7 368
7 387
7 420
7 461
7 463
7 487
7 499
8 24
8 38
8 60
8 84
8 97
8 104
8 121
8 128
8 147
8 155
8 200
8 307
8 321
8 335
8 392
8 410
8 417
8 419
8 438
8 459
8 466
8 495
9 10
9 13
9 24
9 25
9 59
9 80
9 85
9 91
9 93
9 131
9 137
9 147
9 162
9 166
9 185
9 187
9 270
9 291
9 298
9 301
9 320
9 337
9 354
9 389
9 459
9 485
10 52
10 80
10 81
10 84
10 110
10 121
10 158
10 161
10 173
10 174
10 211
10 220
10 249
10 280
10 311
10 314
10 317
10 330
10 435
10 439
10 485
11 55
11 78
11 128
11 145
11 158
11 168
11 183
11 184
11 212
11 221
11 236
11 246
11 250
11 299
11 318
11 341
11 365
11 402
11 421
11 446
12 79
12 104
12 106
12 169
12 227
12 228
12 254
12 257
12 260
12 266
12 272
12 295
12 297
12 314
12 342
12 351
12 383
12 435
12 436
12 488
12 491
12 497
13 16
13 68
13 74
13 79
13 135
13 157
13 172
13 207
13 211
13 232
13 251
13 276
13 291
13 315
13 339
13 372
13 386
13 420
13 440
13 479
13 486
13 499
14 24
14 30
14 104
14 162
14 172
14 190
14 192
14 217
14 221
14 233
14 243
14 249
14 278
14 323
14 405
14 413
14 418
14 422
14 469
14 482
15 45
15 64
15 132
15 144
15 170
15 184
15 215
15 239
15 246
15 253
15 314
15 349
15 374
15 400
15 416
15 426
15 436
15 441
15 456
15 472
15 473
15 486
16 26
16 36
16 115
16 162
16 164
16 172
16 177
16 182
16 194
16 256
16 263
16 267
16 296
16 298
16 351
16 352
16 395
16 446
16 454
16 462
16 468
16 496
17 33
17 53
17 176
17 178
17 184
17 210
17 252
17 295
17 315
17 331
17 366
17 381
17 401
17 406
17 419
17 435
17 466
17 474
18 24
18 25
18 46
18 50
18 52
18 101
18 128
18 147
18 194
18 196
18 209
18 260
18 267
18 329
18 347
18 350
18 370
18 394
18 441
18 456
18 467
18 476
18 482
19 49
19 61
19 79
19 90
19 107
19 119
19 153
19 154
19 164
19 189
19 191
19 193
19 222
19 225
19 294
19 297
19 321
19 337
19 357
19 378
19 386
19 391
19 433
19 465
19 468
19 472
19 485
19 494
20 52
20 61
20 99
20 104
20 162
20 211
20 270
20 290
20 358
20 360
20 389
20 403
20 405
20 416
20 458
20 467
21 28
21 51
21 55
21 74
21 83
21 106
21 147
21 157
21 158
21 167
21 192
21 200
21 204
21 206
21 236
21 244
21 248
21 273
21 280
21 289
21 309
21 311
21 328
21 354
21 363
21 376
21 429
21 436
21 440
21 471
21 483
22 29
22 35
22 71
22 75
22 77
22 109
22 168
22 176
22 181
22 240
22 280
22 282
22 344
22 372
22 450
23 41
23 53
23 57
23 74
23 111
23 137
23 149
23 180
23 187
23 220
23 260
23 313
23 347
23 352
23 370
23 377
23 383
23 406
23 429
23 455
23 460
23 481
23 482
23 493
23 494
24 44
24 46
24 107
24 166
24 187
24 221
24 287
24 293
24 324
24 334
24 341
24 396
24 415
24 421
25 30
25 35
25 50
25 59
25 66
25 71
25 100
25 119
25 149
25 158
25 180
25 195
25 220
25 298
25 352
25 364
25 373
25 402
25 409
25 418
25 479
25 490
25 492
26 51
26 103
26 159
26 175
26 207
26 219
26 275
26 312
26 324
26 340
26 358
26 368
26 375
26 415
26 419
26 440
26 453
26 461
27 83
27 99
27 171
27 181
27 202
27 226
27 252
27 261
27 263
27 294
27 347
27 350
27 373
27 410
27 469
27 487
27 498
28 77
28 108
28 123
28 135
28 173
28 178
28 217
28 239
28 249
28 296
28 323
28 329
28 336
28 345
28 347
28 356
28 361
28 366
28 382
28 442
28 473
28 492
28 495
29 51
29 74
29 90
29 108
29 130
29 147
29 150
29 157
29 222
29 243
29 311
29 317
29 357
29 390
29 410
29 414
29 489
30 79
30 107
30 113
30 119
30 180
30 206
30 232
30 234
30 243
30 244
30 265
30 268
30 271
30 278
30 280
30 314
30 324
30 357
30 360
30 406
30 409
30 466
30 477
31 50
31 73
31 86
31 130
31 164
31 178
31 194
31 213
31 218
31 237
31 268
31 271
31 272
31 286
31 310
31 333
31 343
31 370
31 395
31 431
31 438
31 469
31 490
32 105
32 123
32 134
32 186
32 198
32 203
32 243
32 257
32 305
32 311
32 324
32 361
32 374
32 397
32 400
32 431
32 447
32 488
32 491
33 39
33 51
33 61
33 78
33 111
33 114
33 136
33 147
33 148
33 166
33 195
33 231
33 238
33 251
33 265
33 271
33 314
33 319
33 364
33 377
33 406
33 424
34 36
34 49
34 62
34 72
34 78
34 89
34 114
34 125
34 187
34 188
34 213
34 224
34 234
34 267
34 279
34 306
34 325
34 348
34 366
34 391
34 392
34 417
34 421
34 424
34 436
34 437
35 42
35 59
35 64
35 79
35 85
35 93
35 104
35 147
35 274
35 284
35 314
35 324
35 327
35 350
35 357
35 371
35 396
35 427
35 444
35 451
35 458
35 470
35 479
35 499
36 63
36 67
36 127
36 160
36 176
36 224
36 277
36 284
36 293
36 295
36 300
36 307
36 310
36 321
36 359
36 371
36 431
36 459
37 41
37 85
37 127
37 131
37 136
37 139
37 165
37 173
37 192
37 195
37 213
37 227
37 256
37 283
37 288
37 298
37 306
37 338
37 342
37 353
37 365
37 434
37 436
37 443
37 445
37 446
37 455
38 49
38 56
38 58
38 84
38 96
38 116
38 135
38 153
38 154
38 200
38 227
38 237
38 261
38 305
38 312
38 382
38 407
38 414
38 459
38 462
38 463
38 474
39 45
39 74
39 119
39 136
39 142
39 144
39 215
39 228
39 245
39 348
39 389
39 395
39 430
39 448
40 74
40 100
40 121
40 137
40 166
40 167
40 173
40 220
40 226
40 230
40 256
40 289
40 291
40 338
40 346
40 402
40 413
40 443
40 447
40 454
40 468
41 46
41 49
41 68
41 82
41 122
41 177
41 182
41 192
41 198
41 200
41 219
41 268
41 276
41 302
41 316
41 330
41 345
41 393
41 440
41 443
41 448
41 464
41 474
42 109
42 181
42 222
42 229
42 250
42 253
42 262
42 263
42 268
42 270
42 281
42 297
42 362
42 363
42 395
42 401
42 408
42 413
42 460
42 485
43 63
43 65
43 74
43 85
43 87
43 114
43 115
43 116
43 197
43 229
43 250
43 290
43 330
43 398
43 408
43 435
43 450
44 66
44 93
44 127
44 141
44 159
44 171
44 172
44 226
44 244
44 249
44 259
44 294
44 299
44 325
44 380
44 397
44 419
44 420
44 482
44 486
45 51
45 59
45 111
45 157
45 173
45 220
45 235
45 358
45 368
45 382
45 387
45 391
45 448
45 449
45 496
46 55
46 59
46 74
46 101
46 113
46 125
46 135
46 141
46 162
46 231
46 250
46 309
46 319
46 325
46 373
46 398
46 412
46 441
46 444
46 489
46 496
47 75
47 76
47 82
47 88
47 110
47 124
47 129
47 133
47 136
47 139
47 143
47 198
47 237
47 240
47 259
47 265
47 276
47 289
47 343
47 345
47 363
47 381
47 437
47 442
48 98
48 107
48 109
48 130
48 138
48 187
48 201
48 210
48 220
48 232
48 233
48 239
48 245
48 247
48 267
48 289
48 323
48 370
48 395
48 415
48 423
48 477
48 490
48 495
48 498
49 51
49 63
49 64
49 157
49 209
49 215
49 231
49 235
49 345
49 351
49 357
49 362
49 363
49 390
49 391
49 397
49 398
49 402
49 431
49 448
49 487
50 62
50 88
50 120
50 125
50 144
50 185
50 245
50 266
50 267
50 270
50 297
50 299
50 305
50 325
50 339
50 340
50 359
50 368
50 480
50 492
50 493
51 52
51 60
51 71
51 129
51 132
51 153
51 158
51 175
51 200
51 218
51 226
51 248
51 274
51 355
51 360
51 374
51 495
52 58
52 61
52 69
52 70
52 137
52 143
52 149
52 174
52 188
52 204
52 207
52 222
52 234
52 245
52 262
52 287
52 308
52 323
52 324
52 341
52 348
52 356
52 384
52 410
52 432
53 60
53 78
53 79
53 119
53 124
53 151
53 173
53 177
53 178
53 225
53 230
53 258
53 292
53 316
53 348
53 349
53 369
53 405
53 425
53 443
53 483
54 139
54 162
54 190
54 222
54 229
54 231
54 247
54 338
54 352
54 380
54 398
54 414
54 432
54 448
54 466
55 59
55 94
55 154
55 155
55 158
55 163
55 164
55 167
55 217
55 247
55 255
55 260
55 273
55 280
55 285
55 293
55 296
55 315
55 321
55 322
55 334
55 344
55 349
55 385
55 430
55 432
55 444
55 456
55 477
56 65
56 112
56 129
56 131
56 155
56 158
56 172
56 180
56 193
56 200
56 213
56 229
56 242
56 294
56 302
56 322
56 328
56 337
56 362
56 381
56 389
56 402
56 454
56 463
57 61
57 85
57 105
57 106
57 167
57 189
57 197
57 231
57 236
57 238
57 280
57 282
57 289
57 303
57 315
57 322
57 326
57 348
57 366
57 368
57 398
57 399
57 408
57 432
57 451
57 455
57 463
57 469
58 162
58 211
58 212
58 256
58 262
58 268
58 272
58 281
58 330
58 353
58 363
58 375
58 377
58 404
58 440
58 469
58 493
59 68
59 74
59 92
59 106
59 109
59 146
59 156
59 165
59 191
59 232
59 246
59 322
59 341
59 344
59 387
59 403
59 431
59 449
59 469
60 70
60 102
60 110
60 133
60 160
60 185
60 189
60 196
60 213
60 214
60 243
60 245
60 251
60 257
60 265
60 279
60 291
60 303
60 319
60 332
60 427
60 440
60 452
60 462
60 467
60 483
60 490
61 63
61 92
61 151
61 152
61 186
61 215
61 234
61 240
61 259
61 271
61 273
61 304
61 308
61 342
61 344
61 357
61 364
61 378
61 382
61 388
61 393
61 405
61 422
61 426
61 427
61 482
62 96
62 115
62 177
62 189
62 202
62 205
62 209
62 299
62 351
62 364
62 389
62 394
62 414
62 443
62 452
62 457
62 473
62 482
63 103
63 133
63 144
63 173
63 176
63 211
63 241
63 250
63 257
63 304
63 305
63 307
63 314
63 343
63 356
63 395
63 397
63 412
63 420
63 428
63 458
63 466
63 475
64 75
64 111
64 117
64 118
64 139
64 145
64 151
64 156
64 188
64 194
64 261
64 307
64 415
64 439
64 447
64 467
64 490
64 496
65 84
65 96
65 101
65 131
65 155
65 183
65 229
65 239
65 241
65 269
65 290
65 334
65 355
65 387
65 388
65 399
65 416
65 425
65 429
65 443
65 460
65 476
65 481
65 486
66 102
66 116
66 132
66 145
66 158
66 167
66 168
66 188
66 193
66 198
66 239
66 247
66 278
66 289
66 291
66 299
66 346
66 364
66 385
66 389
66 398
66 409
66 415
66 441
66 446
66 450
66 456
66 473
66 488
66 489
67 77
67 114
67 146
67 164
67 172
67 181
67 213
67 231
67 241
67 269
67 286
67 301
67 302
67 321
67 336
67 385
67 395
67 422
67 424
67 441
67 447
67 450
67 464
68 70
68 102
68 131
68 153
68 175
68 201
68 263
68 299
68 315
68 364
68 373
68 424
68 436
68 492
69 95
69 102
69 103
69 113
69 144
69 173
69 198
69 283
69 290
69 306
69 317
69 328
69 352
69 399
69 431
69 445
69 447
69 449
69 475
69 496
70 98
70 112
70 119
70 137
70 175
70 203
70 228
70 271
70 345
70 380
70 391
70 415
70 422
70 429
70 481
70 490
71 81
71 82
71 109
71 120
71 160
71 187
71 188
71 210
71 255
71 275
71 276
71 303
71 332
71 334
71 370
71 374
71 377
71 420
71 429
71 432
71 435
71 449
71 470
71 485
72 115
72 117
72 162
72 199
72 203
72 242
72 264
72 271
72 334
72 337
72 364
72 400
72 411
72 419
72 437
72 465
72 472
73 95
73 134
73 152
73 173
73 175
73 183
73 225
73 232
73 239
73 272
73 304
73 308
73 311
73 320
73 343
73 348
73 433
73 440
73 443
73 486
74 131
74 146
74 177
74 183
74 184
74 198
74 235
74 243
74 287
74 289
74 295
74 297
74 342
74 425
74 438
74 442
74 494
75 96
75 140
75 166
75 174
75 224
75 294
75 305
75 314
75 337
75 374
75 376
75 382
75 383
75 388
75 407
75 476
75 483
75 492
76 106
76 125
76 130
76 139
76 158
76 175
76 202
76 232
76 234
76 238
76 256
76 299
76 308
76 320
76 353
76 392
76 417
76 426
76 452
76 455
76 456
76 491
77 84
77 104
77 129
77 177
77 244
77 268
77 287
77 307
77 314
77 344
77 346
77 350
77 355
77 384
77 390
77 495
77 497
78 149
78 154
78 187
78 215
78 239
78 274
78 288
78 289
78 295
78 315
78 351
78 377
78 378
78 381
78 410
78 451
78 467
78 494
79 90
79 106
79 107
79 117
79 250
79 268
79 275
79 291
79 301
79 306
79 332
79 334
79 370
79 376
79 417
79 444
79 461
80 105
80 124
80 125
80 144
80 165
80 198
80 216
80 225
80 258
80 275
80 322
80 395
80 423
80 436
80 453
80 471
80 475
81 91
81 95
81 103
81 136
81 138
81 167
81 223
81 230
81 249
81 282
81 294
81 305
81 331
81 332
81 401
81 452
81 455
82 92
82 163
82 188
82 197
82 216
82 277
82 281
82 358
82 376
82 424
82 437
82 460
82 464
82 465
82 466
82 467
82 484
83 85
83 115
83 123
83 131
83 166
83 182
83 188
83 216
83 237
83 243
83 267
83 325
83 344
83 360
83 364
83 373
83 383
83 384
83 428
83 430
83 454
84 144
84 182
84 213
84 224
84 235
84 241
84 255
84 258
84 314
84 317
84 340
84 371
84 426
84 476
84 496
85 111
85 113
85 115
85 146
85 149
85 150
85 186
85 198
85 231
85 279
85 286
85 291
85 310
85 355
85 366
85 397
85 401
85 465
85 489
86 87
86 118
86 127
86 144
86 149
86 180
86 186
86 233
86 250
86 257
86 262
86 287
86 314
86 341
86 363
86 372
86 376
86 390
86 419
86 437
86 446
86 448
86 455
86 459
86 489
87 119
87 147
87 154
87 162
87 180
87 194
87 252
87 257
87 308
87 324
87 365
87 369
87 462
88 124
88 158
88 165
88 198
88 208
88 269
88 273
88 287
88 295
88 341
88 350
88 361
88 366
88 413
88 418
88 467
88 473
89 90
89 106
89 132
89 144
89 178
89 223
89 245
89 284
89 301
89 322
89 346
89 348
89 357
89 367
89 413
89 437
89 449
89 463
90 104
90 105
90 111
90 132
90 135
90 169
90 244
90 250
90 257
90 330
90 372
90 400
90 406
90 418
90 473
90 486
90 490
90 497
91 106
91 107
91 125
91 165
91 203
91 206
91 242
91 250
91 257
91 291
91 310
91 317
91 343
91 366
91 393
91 426
92 106
92 127
92 138
92 158
92 166
92 182
92 243
92 252
92 260
92 277
92 289
92 307
92 346
92 400
92 413
92 423
92 432
92 440
92 444
92 455
92 457
92 459
92 462
92 481
92 493
93 111
93 136
93 138
93 152
93 221
93 281
93 308
93 338
93 339
93 439
93 455
93 473
93 492
94 119
94 123
94 136
94 138
94 187
94 224
94 285
94 317
94 382
94 412
94 414
94 437
94 448
94 493
95 98
95 151
95 152
95 163
95 174
95 179
95 182
95 221
95 269
95 270
95 303
95 318
95 327
95 358
95 379
95 419
95 475
95 490
95 498
96 158
96 165
96 169
96 184
96 195
96 212
96 231
96 256
96 286
96 307
96 330
96 336
96 339
96 341
96 363
96 366
96 384
96 418
96 450
96 451
96 488
97 124
97 162
97 173
97 181
97 221
97 236
97 240
97 243
97 295
97 296
97 317
97 329
97 341
97 386
97 391
97 414
97 416
97 425
97 430
98 158
98 171
98 195
98 203
98 228
98 275
98 322
98 329
98 357
98 374
98 394
98 424
98 428
98 445
98 454
98 462
98 463
98 491
99 153
99 202
99 212
99 221
99 259
99 279
99 297
99 331
99 338
99 395
99 407
99 418
99 430
99 453
99 464
100 102
100 138
100 145
100 147
100 149
100 168
100 177
100 200
100 206
100 207
100 209
100 238
100 253
100 277
100 286
100 360
100 382
100 389
100 438
100 441
100 475
100 479
100 498
101 108
101 110
101 118
101 124
101 137
101 146
101 154
101 168
101 187
101 194
101 201
101 208
101 219
101 246
101 271
101 293
101 358
101 378
101 426
101 434
101 448
101 462
102 129
102 145
102 149
102 205
102 295
102 304
102 332
102 333
102 334
102 341
102 356
102 359
102 376
102 379
102 431
102 449
102 497
103 119
103 120
103 121
103 128
103 157
103 160
103 165
103 170
103 188
103 200
103 206
103 225
103 234
103 257
103 270
103 273
103 279
103 297
103 306
103 317
103 369
103 423
103 428
103 463
103 487
104 131
104 141
104 148
104 158
104 213
104 214
104 219
104 226
104 233
104 235
104 256
104 258
104 377
104 384
104 395
104 413
104 435
104 488
105 143
105 170
105 186
105 210
105 265
105 283
105 290
105 325
105 414
105 446
105 448
105 457
105 474
106 157
106 169
106 226
106 253
106 337
106 346
106 351
106 353
106 383
106 434
106 465
106 484
107 115
107 125
107 160
107 161
107 192
107 233
107 242
107 286
107 290
107 360
107 368
107 389
107 467
108 136
108 167
108 172
108 214
108 231
108 236
108 255
108 330
108 334
108 384
108 393
108 447
108 453
108 462
108 473
108 475
108 476
108 497
109 181
109 193
109 204
109 206
109 237
109 240
109 246
109 285
109 316
109 317
109 320
109 352
109 362
109 392
109 433
109 435
109 496
110 130
110 188
110 192
110 224
110 227
110 280
110 291
110 301
110 339
110 344
110 359
110 373
110 380
110 396
110 399
110 410
110 418
110 422
110 439
110 450
110 451
110 453
110 467
110 474
110 483
110 497
111 170
111 178
111 205
111 211
111 214
111 266
111 313
111 314
111 328
111 338
111 345
111 350
111 382
111 397
112 171
112 187
112 204
112 283
112 311
112 318
112 332
112 336
112 349
112 373
112 402
112 404
112 471
112 487
113 125
113 126
113 131
113 149
113 212
113 232
113 264
113 267
113 300
113 417
113 472
113 487
113 495
114 131
114 162
114 179
114 187
114 195
114 199
114 235
114 239
114 243
114 246
114 270
114 293
114 300
114 308
114 330
114 367
114 368
114 385
114 421
114 436
114 446
114 448
114 473
114 480
114 490
115 125
115 148
115 154
115 177
115 189
115 192
115 212
115 256
115 330
115 342
115 372
115 456
115 483
115 496
116 119
116 140
116 152
116 158
116 161
116 194
116 206
116 247
116 327
116 362
116 396
116 400
116 424
116 442
116 484
116 492
117 146
117 163
117 262
117 309
117 335
117 359
117 384
117 385
117 403
117 453
117 484
117 486
118 151
118 174
118 210
118 217
118 229
118 239
118 241
118 264
118 345
118 354
118 360
118 380
118 384
118 399
118 415
118 447
118 490
118 493
119 121
119 146
119 153
119 183
119 192
119 207
119 213
119 274
119 276
119 283
119 299
119 301
119 323
119 324
119 335
119 432
119 447
120 149
120 152
120 205
120 219
120 222
120 237
120 274
120 358
120 368
120 380
120 385
120 396
120 406
120 407
120 460
121 161
121 168
121 202
121 265
121 279
121 356
121 392
121 441
121 467
121 473
121 496
122 127
122 159
122 180
122 181
122 209
122 226
122 368
122 387
122 399
122 438
122 459
122 462
123 125
123 130
123 145
123 156
123 244
123 246
123 247
123 249
123 250
123 260
123 262
123 317
123 359
123 425
123 427
123 467
123 471
124 250
124 292
124 322
124 367
124 387
124 391
124 419
124 474
124 489
125 128
125 141
125 144
125 169
125 175
125 182
125 193
125 197
125 199
125 213
125 215
125 235
125 244
125 300
125 303
125 334
125 374
125 382
125 410
125 421
125 474
126 128
126 145
126 182
126 233
126 238
126 245
126 257
126 279
126 319
126 327
126 344
126 348
126 386
126 394
126 446
126 463
126 482
127 134
127 141
127 148
127 152
127 153
127 158
127 179
127 287
127 294
127 299
127 328
127 350
127 374
127 394
127 405
127 434
127 449
128 146
128 150
128 153
128 178
128 184
128 186
128 229
128 253
128 267
128 273
128 364
128 394
128 414
128 426
128 450
128 465
128 480
128 493
129 161
129 194
129 198
129 213
129 253
129 266
129 279
129 297
129 299
129 301
129 318
129 340
129 350
129 368
129 419
129 425
129 428
129 434
129 453
129 475
129 484
129 491
130 153
130 181
130 185
130 199
130 200
130 216
130 252
130 313
130 316
130 352
130 378
130 418
130 487
131 152
131 153
131 178
131 182
131 237
131 253
131 271
131 272
131 342
131 364
131 411
131 419
131 439
131 498
132 188
132 199
132 206
132 247
132 248
132 258
132 285
132 314
132 334
132 386
132 409
132 485
133 214
133 235
133 237
133 238
133 257
133 330
133 350
133 394
133 411
133 414
133 424
133 430
133 446
133 473
133 490
133 493
134 153
134 206
134 211
134 229
134 298
134 314
134 323
134 346
134 415
134 431
135 152
135 160
135 170
135 185
135 190
135 209
135 218
135 243
135 255
135 279
135 288
135 324
135 338
135 350
135 434
135 460
135 481
135 484
136 145
136 151
136 194
136 197
136 200
136 221
136 280
136 297
136 302
136 313
136 482
136 498
137 164
137 215
137 216
137 239
137 241
137 267
137 298
137 328
137 341
137 409
137 443
137 458
137 461
137 487
138 141
138 156
138 173
138 208
138 222
138 236
138 258
138 350
138 358
138 400
138 425
138 447
138 453
138 473
138 474
139 168
139 185
139 206
139 242
139 283
139 405
139 424
139 443
139 466
139 491
140 142
140 216
140 219
140 266
140 277
140 284
140 348
140 417
140 447
140 451
140 499
141 150
141 170
141 213
141 217
141 228
141 263
141 277
141 292
141 293
141 329
141 338
141 370
141 383
141 389
141 409
141 414
141 433
141 448
141 479
141 482
141 489
141 496
142 157
142 199
142 216
142 221
142 256
142 274
142 283
142 285
142 288
142 303
142 323
142 329
142 406
142 409
142 468
143 224
143 260
143 286
143 379
143 395
143 404
143 425
143 433
143 446
143 480
144 145
144 180
144 189
144 252
144 261
144 284
144 323
144 359
144 388
144 441
144 457
145 148
145 175
145 194
145 195
145 204
145 228
145 229
145 256
145 260
145 262
145 271
145 272
145 305
145 314
145 341
145 347
145 381
145 496
146 150
146 157
146 159
146 173
146 185
146 190
146 231
146 273
146 281
146 297
146 299
146 313
146 330
146 358
146 371
146 381
146 416
146 442
146 474
146 484
146 487
147 170
147 173
147 200
147 326
147 345
147 363
147 425
147 454
147 470
147 494
147 496
148 163
148 164
148 170
148 195
148 235
148 242
148 244
148 265
148 278
148 297
148 334
148 339
148 394
148 407
148 427
148 429
148 468
149 208
149 224
149 254
149 258
149 294
149 307
149 338
149 353
149 389
149 437
149 442
149 447
149 450
149 482
149 491
149 497
150 151
150 174
150 187
150 240
150 254
150 257
150 300
150 310
150 316
150 338
150 377
150 387
150 398
150 415
150 436
150 442
150 459
151 160
151 188
151 190
151 193
151 198
151 206
151 221
151 231
151 241
151 288
151 345
151 367
151 370
151 402
151 433
151 458
152 183
152 185
152 198
152 217
152 218
152 233
152 237
152 290
152 306
152 405
152 428
152 475
152 487
152 498
153 154
153 161
153 205
153 222
153 241
153 252
153 258
153 265
153 275
153 302
153 354
153 366
153 388
153 392
153 465
153 492
153 497
154 170
154 172
154 174
154 182
154 194
154 204
154 205
154 216
154 223
154 234
154 253
154 268
154 304
154 305
154 311
154 335
154 398
154 433
154 469
155 161
155 218
155 263
155 289
155 298
155 313
155 326
155 343
155 364
155 375
155 391
155 395
155 411
155 434
155 439
155 448
155 494
155 497
156 189
156 193
156 194
156 251
156 261
156 290
156 291
156 300
156 319
156 326
156 335
156 337
156 346
156 348
156 357
156 369
156 386
156 393
156 403
156 411
156 436
156 439
156 453
156 488
157 186
157 193
157 195
157 213
157 217
157 249
157 270
157 277
157 279
157 301
157 309
157 312
157 319
157 327
157 385
157 404
157 417
157 422
157 429
157 430
157 447
157 456
157 458
157 464
157 475
157 491
158 186
158 258
158 301
158 314
158 343
158 347
158 445
159 163
159 192
159 204
159 268
159 296
159 309
159 311
159 325
159 334
159 340
159 366
159 374
159 375
159 393
159 400
159 463
159 471
159 473
160 162
160 165
160 172
160 212
160 270
160 278
160 288
160 318
160 327
160 361
160 370
160 402
160 418
160 423
160 445
160 474
160 478
161 165
161 203
161 223
161 225
161 241
161 251
161 260
161 262
161 303
161 314
161 321
161 369
161 389
161 466
161 477
161 479
161 482
161 489
161 498
162 163
162 179
162 220
162 224
162 266
162 295
162 354
162 390
162 427
162 436
163 184
163 190
163 196
163 207
163 216
163 337
163 339
163 351
163 373
163 438
163 471
163 484
164 182
164 191
164 200
164 203
164 230
164 237
164 251
164 278
164 312
164 391
164 473
164 478
164 493
165 173
165 175
165 197
165 267
165 288
165 302
165 328
165 342
165 350
165 363
165 381
165 397
165 400
165 407
165 421
165 430
165 441
165 462
165 474
166 186
166 191
166 195
166 206
166 264
166 269
166 310
166 318
166 334
166 393
166 460
166 489
167 179
167 188
167 227
167 236
167 270
167 282
167 285
167 297
167 313
167 326
167 372
167 393
167 419
167 445
167 449
167 451
167 468
167 482
167 487
167 488
168 172
168 226
168 234
168 261
168 273
168 319
168 333
168 396
168 397
168 423
168 451
168 481
168 494
169 234
169 252
169 322
169 325
169 338
169 339
169 356
169 358
169 364
169 451
169 465
170 177
170 197
170 222
170 326
170 338
170 348
170 390
170 436
170 450
170 499
171 179
171 198
171 242
171 254
171 258
171 292
171 301
171 348
171 428
171 455
172 190
172 262
172 277
172 320
172 368
172 431
172 448
172 451
172 487
172 499
173 192
173 214
173 217
173 226
173 239
173 284
173 325
173 331
173 366
173 383
173 391
173 454
173 465
173 487
173 488
174 207
174 246
174 287
174 333
174 354
174 393
174 456
174 462
174 496
175 187
175 224
175 264
175 296
175 307
175 374
175 386
175 412
175 413
175 469
175 476
176 193
176 202
176 206
176 218
176 233
176 243
176 245
176 261
176 282
176 311
176 316
176 329
176 347
176 349
176 353
176 357
176 385
176 389
176 400
176 412
177 180
177 225
177 242
177 257
177 262
177 279
177 287
177 302
177 314
177 315
177 359
177 430
177 437
177 467
177 472
177 493
178 182
178 226
178 241
178 287
178 292
178 294
178 368
178 370
178 375
178 382
178 417
178 432
178 486
179 185
179 224
179 275
179 277
179 302
179 322
179 325
179 344
179 349
179 368
179 382
179 412
179 417
179 428
179 435
179 446
179 450
179 473
179 476
179 488
180 198
180 206
180 207
180 222
180 235
180 255
180 312
180 319
180 341
180 349
180 364
180 378
180 427
180 428
180 437
180 451
180 473
181 184
181 193
181 214
181 217
181 264
181 265
181 272
181 278
181 284
181 309
181 346
181 363
181 441
181 442
181 457
182 190
182 208
182 240
182 246
182 298
182 342
182 370
182 373
182 376
182 380
182 392
182 427
183 194
183 231
183 233
183 243
183 260
183 265
183 281
183 288
183 353
183 367
183 443
183 468
184 189
184 204
184 211
184 240
184 244
184 265
184 267
184 272
184 302
184 304
184 308
184 310
184 369
184 419
184 422
184 425
185 199
185 238
185 259
185 313
185 318
185 358
185 389
185 396
185 493
185 499
186 205
186 209
186 224
186 234
186 252
186 258
186 268
186 298
186 301
186 312
186 349
186 369
186 399
186 400
186 449
186 469
187 220
187 222
187 230
187 237
187 239
187 263
187 266
187 280
187 283
187 292
187 301
187 326
187 336
187 358
187 377
187 399
187 423
187 432
187 441
187 496
187 499
188 228
188 245
188 261
188 267
188 308
188 328
188 334
188 335
188 345
188 361
188 401
188 416
188 470
188 497
189 197
189 230
189 240
189 260
189 274
189 304
189 341
189 362
189 363
189 393
189 439
189 473
189 498
189 499
190 209
190 210
190 216
190 260
190 271
190 282
190 288
190 308
190 323
190 353
190 402
190 425
190 437
190 476
190 482
191 210
191 216
191 222
191 233
191 245
191 269
191 282
191 316
191 318
191 321
191 343
191 366
191 390
191 402
191 427
191 436
191 442
191 467
191 471
191 481
192 205
192 211
192 215
192 219
192 243
192 249
192 262
192 266
192 337
192 376
192 386
192 387
192 391
192 398
192 421
192 423
192 425
192 429
192 490
193 195
193 200
193 203
193 221
193 299
193 307
193 369
193 391
193 393
193 416
193 417
193 435
193 447
193 450
193 463
193 483
193 491
194 217
194 244
194 248
194 316
194 321
194 396
194 400
194 408
194 445
194 449
194 470
194 497
195 204
195 248
195 250
195 279
195 307
195 317
195 340
195 351
195 380
195 383
195 387
195 415
195 432
195 449
195 462
195 478
196 209
196 221
196 232
196 237
196 245
196 278
196 299
196 337
196 360
196 368
196 376
196 399
196 445
196 466
196 480
197 201
197 209
197 224
197 236
197 249
197 250
197 258
197 266
197 273
197 280
197 325
197 326
197 380
197 429
197 456
198 238
198 253
198 255
198 291
198 295
198 308
198 324
198 418
198 429
198 435
198 457
198 461
198 474
199 204
199 234
199 258
199 266
199 290
199 307
199 310
199 333
199 340
199 365
199 388
199 399
199 407
199 445
199 472
199 473
200 203
200 216
200 262
200 287
200 289
200 326
200 339
200 350
200 375
200 387
200 416
200 422
200 434
200 455
201 224
201 240
201 261
201 276
201 290
201 294
201 324
201 346
201 355
201 361
201 364
201 408
201 418
201 422
201 431
201 435
201 451
201 468
201 473
201 482
201 493
202 316
202 338
202 345
202 368
202 372
202 396
202 420
202 432
202 440
202 448
202 451
202 498
203 239
203 261
203 289
203 316
203 332
203 334
203 353
203 366
203 367
203 380
203 392
203 394
203 406
203 438
203 439
203 448
203 452
203 493
203 499
204 206
204 211
204 269
204 310
204 315
204 324
204 347
204 388
204 400
204 405
204 411
204 414
204 427
204 431
204 432
204 440
204 461
204 471
205 208
205 277
205 310
205 325
205 371
205 375
205 379
205 382
205 412
205 457
206 256
206 306
206 321
206 335
206 349
206 389
206 413
206 438
206 444
206 455
206 483
207 209
207 211
207 226
207 253
207 271
207 277
207 302
207 325
207 341
207 368
207 371
207 375
207 394
207 416
207 422
207 477
207 478
208 267
208 318
208 335
208 369
208 382
208 384
208 422
208 435
208 484
209 230
209 317
209 322
209 328
209 340
209 381
209 417
209 423
209 458
209 468
209 476
210 218
210 233
210 255
210 260
210 312
210 313
210 334
210 350
210 362
210 363
210 388
210 410
210 476
210 479
210 485
211 251
211 256
211 266
211 352
211 371
211 399
211 411
211 462
211 467
211 476
211 485
212 219
212 264
212 347
212 360
212 383
212 399
212 405
212 407
212 412
212 422
212 426
212 432
212 462
212 465
212 484
213 214
213 216
213 265
213 283
213 321
213 329
213 349
213 384
213 435
213 443
213 448
213 460
213 494
214 230
214 282
214 311
214 336
214 338
214 360
214 376
214 383
214 400
214 404
214 421
214 434
214 441
214 464
214 476
214 496
215 218
215 225
215 254
215 261
215 267
215 273
215 284
215 326
215 331
215 404
215 415
215 434
215 481
216 290
216 291
216 331
217 218
217 245
217 326
217 331
217 349
217 350
217 364
217 386
217 417
217 477
218 226
218 249
218 259
218 263
218 308
218 315
218 394
218 422
218 447
218 449
218 484
219 242
219 271
219 277
219 278
219 317
219 325
219 366
219 389
219 414
219 428
219 458
220 242
220 246
220 252
220 273
220 277
220 281
220 314
220 319
220 324
220 356
220 383
220 438
220 442
220 444
220 474
220 493
221 275
221 278
221 279
221 290
221 305
221 320
221 338
221 341
221 348
221 391
221 407
222 230
222 258
222 270
222 319
222 382
222 396
222 416
222 434
222 436
222 442
222 462
223 232
223 255
223 268
223 272
223 281
223 303
223 354
223 362
223 383
223 445
223 446
223 477
223 489
224 252
224 273
224 276
224 278
224 309
224 316
224 361
224 373
224 388
224 421
224 429
224 458
224 482
225 292
225 314
225 321
225 326
225 367
225 401
225 419
225 427
225 438
225 440
225 462
225 472
225 476
225 498
226 281
226 308
226 320
226 325
226 347
226 355
226 356
226 357
226 374
226 386
226 388
226 417
226 446
226 457
226 484
226 486
227 228
227 253
227 266
227 310
227 356
227 373
227 392
227 395
227 399
227 410
227 448
227 465
227 483
227 496
228 269
228 278
228 294
228 316
228 323
228 331
228 378
228 410
228 443
228 447
228 454
228 457
228 469
228 499
229 236
229 243
229 254
229 267
229 306
229 343
229 418
229 433
229 483
229 484
230 235
230 274
230 293
230 303
230 308
230 375
230 392
230 466
230 494
230 497
230 499
231 263
231 283
231 322
231 324
231 325
231 329
231 343
231 348
231 386
231 401
231 406
231 430
232 245
232 298
232 380
232 418
232 432
232 453
232 465
232 468
232 475
233 248
233 270
233 271
233 274
233 289
233 293
233 300
233 330
233 333
233 357
233 365
233 378
233 385
233 404
233 427
233 494
234 246
234 252
234 296
234 322
234 359
234 411
234 416
234 436
235 273
235 286
235 288
235 320
235 334
235 373
235 376
235 399
235 406
235 423
235 448
236 250
236 258
236 287
236 345
236 382
236 384
236 400
236 423
237 285
237 328
237 361
237 384
237 426
237 495
238 286
238 298
238 317
238 351
238 365
238 375
238 386
238 440
238 459
238 461
238 465
238 466
239 253
239 267
239 277
239 386
239 425
239 429
239 446
240 257
240 261
240 287
240 290
240 304
240 307
240 349
240 357
240 365
240 394
240 421
240 458
240 460
240 461
240 481
241 250
241 262
241 291
241 311
241 314
241 327
241 339
241 396
241 470
241 473
242 271
242 339
242 359
242 378
242 397
242 404
242 447
242 450
242 496
243 275
243 286
243 317
243 362
243 368
243 378
243 381
243 391
243 418
243 442
243 466
243 469
243 478
244 297
244 331
244 378
244 382
244 405
244 420
244 435
244 447
244 478
244 484
245 257
245 272
245 282
245 352
245 416
245 444
245 463
245 468
245 484
245 485
246 258
246 274
246 305
246 308
246 313
246 328
246 375
246 381
246 391
246 425
246 463
246 464
246 489
247 269
247 341
247 384
247 404
247 426
247 465
247 488
247 490
247 493
248 263
248 278
248 280
248 311
248 317
248 321
248 398
248 454
248 456
249 250
249 288
249 307
249 327
249 332
249 354
249 390
249 399
249 421
249 445
249 497
250 267
250 276
250 325
250 326
250 338
250 362
250 398
250 415
250 479
250 487
251 259
251 290
251 302
251 310
251 330
251 341
251 361
251 363
251 371
251 455
251 464
251 484
251 495
252 275
252 296
252 318
252 336
252 345
252 347
252 356
252 399
252 406
252 435
252 484
253 261
253 275
253 337
253 396
253 424
253 428
253 429
253 444
254 279
254 288
254 354
254 389
254 432
254 443
254 494
255 257
255 277
255 279
255 282
255 286
255 315
255 345
255 363
255 376
255 378
255 389
255 390
255 393
255 402
255 435
255 443
255 448
255 450
255 463
255 483
256 272
256 289
256 300
256 350
256 360
256 364
256 396
256 401
256 405
256 412
256 418
256 435
256 490
257 335
257 342
257 380
257 393
257 412
257 440
257 441
257 451
257 462
257 465
258 274
258 288
258 301
258 303
258 325
258 347
258 393
258 400
258 413
258 414
258 488
258 495
259 299
260 262
260 283
260 289
260 309
260 358
260 361
260 373
260 376
260 384
260 398
260 408
260 440
260 453
260 455
260 475
260 483
261 264
261 265
261 267
261 276
261 280
261 285
261 355
261 376
261 383
261 417
261 419
261 421
261 433
261 467
262 263
262 283
262 305
262 365
262 473
263 264
263 293
263 307
263 315
263 318
263 321
263 342
263 344
263 347
263 348
263 359
263 382
263 412
263 432
263 479
263 499
264 281
264 283
264 366
264 382
264 451
264 468
264 477
264 491
265 287
265 288
265 293
265 296
265 318
265 327
265 342
265 351
265 366
265 389
265 392
265 401
265 405
265 411
265 425
265 431
265 437
265 441
265 445
265 458
265 488
265 493
266 355
266 371
266 387
266 389
266 423
266 426
267 277
267 289
267 300
267 308
267 310
267 320
267 378
267 406
267 411
267 432
267 455
267 456
267 470
267 477
268 276
268 289
268 327
268 348
268 387
268 406
268 414
268 455
268 492
268 497
268 499
269 273
269 285
269 309
269 337
269 345
269 382
269 390
269 432
269 440
269 448
269 462
270 283
270 330
270 346
270 348
270 364
270 368
270 379
270 381
270 402
270 432
270 447
270 465
271 286
271 319
271 348
271 352
271 353
271 363
271 372
271 373
271 419
271 430
271 435
271 444
272 293
272 315
272 317
272 342
272 349
272 355
272 456
272 498
273 282
273 321
273 334
273 357
273 433
273 436
273 454
274 308
274 324
274 337
274 349
274 357
274 388
274 437
274 463
274 469
274 483
274 489
274 491
274 495
275 285
275 332
275 365
275 376
275 385
275 428
275 447
275 450
275 490
276 317
276 319
276 357
276 370
276 393
276 464
276 488
276 490
276 493
277 284
277 301
277 306
277 378
277 398
277 468
278 282
278 298
278 313
278 317
278 401
278 406
278 496
279 282
279 284
279 296
279 327
279 362
279 384
279 458
279 488
280 369
280 413
280 436
280 449
280 462
281 297
281 349
281 356
281 362
281 364
281 392
281 462
281 499
282 315
282 330
282 368
282 374
282 419
282 440
282 465
283 324
283 345
283 348
283 390
283 411
283 419
283 460
283 465
283 478
284 300
284 361
284 376
284 377
284 390
284 417
284 419
284 431
284 444
284 454
285 316
285 317
285 319
285 360
285 365
285 394
285 434
285 439
285 440
285 441
285 480
285 481
285 498
286 304
286 309
286 320
286 376
286 434
286 446
286 469
287 326
287 335
287 456
287 460
287 480
287 483
288 290
288 322
288 327
288 335
288 355
288 387
288 413
288 441
288 485
289 295
289 307
289 315
289 332
289 359
289 380
289 431
289 460
289 476
289 478
290 356
290 368
290 373
290 382
290 384
290 394
290 401
290 417
290 439
290 448
290 461
291 312
291 349
291 375
291 380
291 397
291 402
291 436
291 437
291 456
291 464
291 486
292 305
292 340
292 344
292 350
292 372
292 402
292 415
292 424
292 438
292 442
292 461
292 472
292 490
293 298
293 354
293 370
293 372
293 393
293 394
293 395
293 396
293 436
293 468
293 470
294 311
294 326
294 351
294 365
294 367
294 381
294 396
294 428
294 440
294 464
294 465
294 481
294 489
295 318
295 336
295 419
295 463
295 464
295 485
296 310
296 358
296 359
296 370
296 385
296 401
296 413
296 434
296 444
296 459
296 463
296 473
297 307
297 357
297 361
297 426
297 450
297 464
297 466
297 475
297 479
298 354
298 364
298 372
298 385
298 393
298 394
298 395
298 414
298 425
298 432
298 442
298 470
298 483
298 492
299 308
299 339
299 356
299 383
299 404
299 407
299 433
299 465
299 475
299 480
300 301
300 303
300 326
300 345
300 396
300 418
300 449
300 460
300 483
300 484
301 307
301 395
301 401
301 432
302 309
302 311
302 335
302 362
302 368
302 372
302 400
302 454
302 467
303 328
303 347
303 381
303 393
303 420
303 442
303 454
303 479
303 487
304 330
304 332
304 370
304 381
304 385
304 388
304 415
304 416
304 426
304 463
304 468
304 492
304 496
305 319
305 330
305 374
305 379
305 389
305 406
305 414
305 433
306 308
306 362
306 387
306 395
306 459
306 478
307 338
307 412
307 415
307 424
307 441
307 459
307 463
307 488
307 492
307 499
308 355
308 465
308 474
308 491
309 322
309 341
309 390
309 391
309 416
309 419
309 426
309 430
309 439
309 468
309 469
309 488
310 315
310 321
310 346
310 385
310 395
310 415
310 479
310 497
311 320
311 334
311 336
311 342
311 357
311 402
311 404
311 406
311 433
311 449
311 484
311 490
312 314
312 318
312 331
312 333
312 334
312 335
312 356
312 372
312 394
312 399
312 400
312 418
312 455
312 456
312 489
313 320
313 351
313 355
313 361
313 375
313 462
313 471
313 489
314 336
314 358
314 381
314 413
314 436
314 461
314 466
315 332
315 361
315 375
315 383
315 394
315 419
315 424
315 427
315 448
315 449
315 468
315 478
315 486
315 499
316 323
316 353
316 389
316 466
317 409
317 425
317 473
318 335
318 341
318 351
318 352
318 389
318 407
318 444
318 447
318 462
318 472
318 491
318 495
318 496
318 499
319 326
319 331
319 353
319 377
319 398
319 404
319 426
319 443
319 447
319 450
319 452
319 473
320 325
320 329
320 398
320 476
320 499
321 325
321 331
321 334
321 342
321 366
321 371
321 376
321 386
321 451
321 466
321 472
321 473
321 489
322 325
322 337
322 346
322 361
322 363
322 366
322 395
322 430
322 433
322 461
322 483
323 391
323 410
323 413
323 422
323 429
323 441
324 381
324 393
324 422
324 431
324 455
324 465
324 486
325 352
325 363
325 430
325 465
325 467
325 491
326 350
326 375
326 417
326 494
327 340
327 376
327 418
327 426
327 455
327 483
327 489
328 382
328 386
328 417
328 479
328 481
328 493
329 344
329 357
329 361
329 391
329 407
329 426
329 434
329 451
330 348
330 355
330 411
330 414
330 425
330 452
330 458
330 475
330 476
330 480
330 490
331 340
331 341
331 402
331 408
331 423
331 431
331 454
331 472
331 474
331 486
331 489
331 492
332 340
332 367
332 398
332 442
332 443
332 460
332 494
332 499
333 335
333 342
333 357
333 372
333 387
333 441
333 455
333 463
333 470
333 476
333 484
333 486
333 489
334 341
334 357
334 382
334 386
334 396
334 416
334 434
334 436
334 467
335 441
335 463
335 480
336 364
336 377
336 421
336 423
336 429
336 467
336 471
336 492
337 352
337 365
337 379
337 381
337 398
337 432
337 453
337 464
337 488
337 496
338 347
338 386
338 405
338 409
338 410
338 413
338 420
338 422
338 445
338 450
338 457
338 461
338 498
339 406
339 438
339 493
340 475
341 366
341 390
341 403
341 413
341 431
341 443
341 471
341 474
342 354
342 357
342 378
342 388
342 407
342 435
342 437
342 466
342 478
343 347
343 358
343 360
343 361
343 384
343 394
343 432
343 481
343 498
344 380
344 477
345 356
345 359
345 369
345 378
345 392
345 430
345 464
346 395
346 411
346 414
346 444
346 451
346 481
346 486
347 390
347 394
347 405
347 453
347 460
347 462
348 372
348 402
348 417
348 462
349 361
349 368
349 383
349 389
349 393
349 399
349 448
349 459
349 484
350 385
350 393
350 409
350 429
350 436
351 352
351 366
351 383
351 499
352 396
352 414
352 489
353 364
353 456
353 461
353 472
353 478
353 497
354 398
354 410
354 436
354 449
354 454
354 466
355 385
355 427
355 444
355 472
356 364
356 382
356 411
356 494
357 403
357 431
357 447
357 479
358 408
358 419
358 469
358 496
358 497
358 499
359 384
359 431
359 432
359 433
360 385
360 425
360 448
361 396
361 408
361 431
361 481
361 489
362 381
362 445
362 454
363 381
363 386
363 395
363 419
363 424
363 435
363 468
364 369
364 459
364 467
364 491
365 372
365 456
365 471
365 478
366 387
366 395
366 402
366 438
366 442
366 447
367 376
367 392
367 415
367 421
367 427
367 445
368 384
368 412
368 423
368 439
368 460
368 464
368 474
368 475
369 372
369 396
369 401
369 421
369 435
369 458
369 496
370 378
370 400
370 401
370 402
370 407
370 416
370 474
370 491
371 418
371 423
371 440
371 446
371 484
372 403
372 437
372 454
372 456
372 485
372 499
373 395
373 407
373 444
373 446
373 469
373 471
373 495
374 388
374 422
374 454
374 479
374 487
375 394
375 399
375 402
375 420
375 456
375 475
375 485
376 402
376 409
376 429
376 433
376 437
376 449
376 462
376 492
377 434
377 447
377 453
377 458
377 467
377 474
377 476
377 483
377 489
378 402
378 406
378 426
378 436
378 489
378 493
378 497
379 394
379 412
379 437
379 494
379 495
380 476
380 489
381 391
381 396
381 436
381 455
381 458
381 470
381 492
382 392
382 428
382 490
382 497
382 499
383 406
383 436
383 487
384 404
384 407
384 451
384 454
384 466
384 470
385 449
385 467
385 495
386 404
386 409
386 455
386 471
386 499
387 397
387 401
387 406
387 407
387 428
387 443
387 459
387 496
388 401
388 469
389 399
389 405
389 435
389 458
389 461
389 469
389 479
389 489
390 439
390 456
391 410
391 441
391 448
391 455
391 472
391 489
392 411
392 418
392 425
392 440
392 442
392 461
392 477
392 490
392 495
393 437
393 463
393 473
393 477
393 491
394 491
395 427
395 461
395 462
395 477
396 410
396 415
396 449
396 460
396 477
396 493
397 434
397 435
397 454
397 455
397 474
397 499
398 423
398 431
398 437
398 444
398 460
398 496
399 400
399 406
399 428
399 435
399 482
399 495
400 419
400 469
401 405
401 450
402 416
402 417
402 419
402 455
402 463
402 476
403 419
403 421
404 420
404 473
404 487
404 495
405 424
405 433
405 440
405 445
405 447
405 455
405 457
405 458
405 490
406 413
406 421
406 454
406 462
406 489
407 426
407 451
407 463
407 495
408 410
408 449
408 450
408 494
409 413
409 420
409 440
409 444
410 420
410 429
410 438
411 441
411 447
411 450
411 471
411 487
412 458
412 466
412 467
412 472
413 435
413 441
413 462
413 466
414 419
414 420
414 496
415 421
415 438
415 469
415 487
417 447
417 469
417 476
417 481
417 487
417 488
418 422
418 457
419 431
419 476
419 497
420 422
420 463
420 472
420 474
421 486
421 494
422 431
422 435
422 479
422 486
422 495
422 498
423 446
423 459
423 478
424 428
424 446
424 458
425 461
425 468
425 482
425 489
425 492
426 434
426 439
426 489
427 446
427 448
427 480
428 437
428 469
428 472
429 430
429 448
429 484
429 487
429 489
429 494
429 496
430 457
430 460
430 467
431 439
431 453
431 455
431 496
432 433
432 434
432 472
432 476
433 462
433 465
434 453
434 470
434 487
434 492
434 497
435 449
435 452
435 464
435 469
436 440
436 448
436 498
437 451
437 491
438 492
438 493
439 459
439 464
439 491
440 460
440 477
441 453
441 454
441 458
441 486
442 454
442 455
442 465
442 474
443 486
444 456
444 460
444 474
445 448
446 458
446 461
446 483
446 493
447 451
447 491
448 449
448 457
448 469
449 450
449 459
449 478
450 460
450 472
451 486
452 477
453 466
453 485
454 474
454 480
454 481
455 476
455 486
455 489
456 477
456 482
457 465
457 477
458 459
458 462
458 471
458 472
458 481
458 491
458 492
458 495
459 472
459 496
460 461
460 494
461 477
461 482
462 478
462 485
462 494
462 499
464 476
464 477
464 489
464 499
465 470
465 480
467 484
468 493
469 474
470 479
471 490
472 477
472 480
472 493
474 490
475 477
475 484
475 490
476 486
476 497
476 499
477 492
477 494
477 499
478 496
480 495
482 494
484 494
485 493
486 498
486 499
493 497
0 48
0 89
0 96
0 151
0 163
0 181
0 222
0 228
0 235
0 256
0 323
0 328
0 335
0 339
0 361
0 367
0 380
0 412
0 453
0 460
1 13
1 14
1 18
1 56
1 142
1 159
1 257
1 271
1 293
1 303
1 379
1 413
1 440
1 445
2 3
2 6
2 12
2 99
2 112
2 123
2 159
2 164
2 171
2 172
2 195
2 196
2 204
2 228
2 271
2 280
2 293
2 305
2 357
2 381
2 387
2 397
2 436
2 446
3 7
3 80
3 127
3 173
3 175
3 198
3 202
3 255
3 256
3 264
3 281
3 316
3 384
3 399
3 418
3 421
3 429
3 467
3 497
4 38
4 44
4 46
4 68
4 98
4 126
4 136
4 140
4 149
4 182
4 279
4 282
4 290
4 316
4 360
4 423
4 445
4 455
5 14
5 36
5 100
5 126
5 134
5 137
5 159
5 169
5 199
5 219
5 269
5 314
5 322
5 371
5 409
5 463
6 53
6 58
6 71
6 77
6 106
6 114
6 115
6 146
6 155
6 175
6 182
6 194
6 205
6 222
6 226
6 228
6 253
6 256
6 281
6 291
6 296
6 322
6 324
6 325
6 341
6 365
6 464
6 489
7 18
7 28
7 93
7 94
7 103
7 105
7 134
7 136
7 137
7 150
7 159
7 166
7 225
7 268
7 269
7 272
7 282
7 298
7 321
7 325
7 359
7 449
7 478
7 482
7 489
8 29
8 37
8 61
8 74
8 86
8 145
8 147
8 181
8 195
8 204
8 218
8 232
8 276
8 282
8 293
8 304
8 321
8 340
8 345
8 379
8 389
8 405
8 406
8 423
8 490
9 10
9 75
9 89
9 105
9 129
9 138
9 175
9 199
9 249
9 273
9 274
9 275
9 314
9 380
9 420
9 421
9 434
9 486
10 23
10 38
10 43
10 47
10 77
10 81
10 101
10 126
10 136
10 191
10 231
10 261
10 273
10 293
10 322
10 358
10 364
10 370
10 373
10 390
10 395
10 409
10 410
10 435
10 436
10 470
11 34
11 45
11 48
11 62
11 90
11 100
11 147
11 148
11 157
11 159
11 169
11 200
11 211
11 215
11 231
11 251
11 256
11 267
11 297
11 301
11 313
11 334
11 342
11 356
11 399
11 404
11 407
11 426
11 455
11 482
12 15
12 63
12 111
12 217
12 234
12 264
12 267
12 293
12 322
12 336
12 390
12 400
12 447
12 460
12 471
12 478
12 479
13 104
13 105
13 107
13 184
13 197
13 211
13 214
13 221
13 234
13 240
13 241
13 242
13 360
13 392
13 397
13 412
13 418
13 426
13 439
13 451
14 66
14 124
14 136
14 149
14 159
14 166
14 184
14 198
14 270
14 313
14 374
14 400
14 424
14 494
15 25
15 88
15 124
15 164
15 217
15 359
15 370
15 385
15 387
15 418
15 425
15 453
16 45
16 48
16 59
16 76
16 94
16 97
16 109
16 113
16 146
16 257
16 258
16 288
16 306
16 315
16 337
16 425
16 449
17 28
17 37
17 49
17 91
17 107
17 118
17 143
17 204
17 241
17 260
17 266
17 285
17 299
17 311
17 400
17 404
17 478
18 56
18 119
18 283
18 300
18 321
18 325
18 352
18 360
18 386
18 424
18 475
18 482
19 22
19 39
19 142
19 173
19 210
19 229
19 259
19 260
19 266
19 306
19 332
19 377
19 398
19 450
20 27
20 60
20 68
20 129
20 138
20 150
20 156
20 182
20 208
20 285
20 311
20 369
20 422
20 452
20 453
21 35
21 42
21 61
21 95
21 97
21 137
21 179
21 185
21 270
21 283
21 286
21 327
21 366
21 381
21 385
21 450
21 477
22 57
22 77
22 87
22 113
22 122
22 137
22 146
22 158
22 173
22 183
22 186
22 195
22 231
22 239
22 270
22 272
22 299
22 307
22 333
22 356
22 370
22 383
22 386
22 390
22 424
22 427
22 480
22 499
23 43
23 51
23 54
23 81
23 94
23 108
23 122
23 178
23 181
23 195
23 207
23 342
23 397
23 437
23 450
23 470
24 28
24 96
24 113
24 199
24 242
24 314
24 315
24 327
24 392
24 414
24 452
24 453
24 466
24 484
25 38
25 75
25 78
25 114
25 118
25 125
25 130
25 179
25 182
25 234
25 261
25 271
25 282
25 283
25 324
25 325
25 337
25 377
25 399
25 414
25 435
25 461
25 487
25 491
25 497
26 35
26 61
26 76
26 113
26 134
26 135
26 224
26 226
26 259
26 300
26 329
26 333
26 382
26 390
26 405
26 435
26 461
26 476
26 480
26 493
26 495
27 121
27 217
27 218
27 223
27 238
27 244
27 250
27 253
27 290
27 308
27 345
27 372
27 405
27 409
27 414
27 436
28 86
28 90
28 107
28 108
28 122
28 135
28 171
28 200
28 262
28 272
28 292
28 308
28 325
28 335
28 396
28 421
28 446
28 482
28 492
29 57
29 84
29 109
29 142
29 153
29 155
29 156
29 170
29 188
29 203
29 231
29 309
29 332
29 342
29 363
29 377
29 380
29 397
29 412
29 413
29 454
29 460
30 32
30 36
30 40
30 55
30 62
30 104
30 126
30 129
30 152
30 195
30 200
30 217
30 224
30 227
30 230
30 273
30 275
30 284
30 296
30 307
30 335
30 342
30 360
30 439
30 482
30 486
30 488
31 33
31 36
31 49
31 90
31 113
31 114
31 147
31 160
31 189
31 233
31 285
31 315
31 340
31 372
31 378
31 383
31 393
31 396
31 418
31 468
31 493
32 80
32 94
32 96
32 143
32 152
32 184
32 245
32 317
32 368
32 402
32 444
33 34
33 60
33 79
33 86
33 115
33 134
33 144
33 146
33 156
33 169
33 178
33 184
33 203
33 218
33 226
33 252
33 263
33 274
33 315
33 317
33 381
33 404
33 416
33 444
33 499
34 78
34 112
34 113
34 125
34 148
34 230
34 235
34 259
34 304
34 306
34 333
34 349
34 383
34 420
34 451
34 455
34 456
34 458
34 476
34 478
35 38
35 55
35 88
35 138
35 170
35 171
35 183
35 191
35 193
35 207
35 216
35 255
35 282
35 294
35 304
35 351
35 389
35 400
35 405
35 438
35 454
35 475
35 483
36 42
36 81
36 100
36 126
36 131
36 151
36 178
36 202
36 210
36 226
36 293
36 303
36 304
36 317
36 342
36 355
36 368
36 374
36 391
36 402
36 408
36 412
36 437
36 489
36 494
37 82
37 84
37 93
37 106
37 111
37 131
37 136
37 146
37 160
37 197
37 200
37 227
37 233
37 281
37 292
37 310
37 328
37 353
37 360
37 366
37 394
37 417
37 446
38 41
38 45
38 50
38 65
38 102
38 105
38 112
38 137
38 140
38 141
38 147
38 149
38 185
38 190
38 192
38 196
38 204
38 230
38 239
38 266
38 361
38 394
38 425
39 57
39 101
39 107
39 175
39 185
39 199
39 221
39 228
39 237
39 264
39 276
39 289
39 310
39 360
39 380
39 407
39 455
39 460
40 73
40 99
40 103
40 110
40 125
40 147
40 157
40 200
40 211
40 216
40 231
40 289
40 336
40 375
40 388
40 392
40 404
40 456
40 459
41 58
41 64
41 96
41 98
41 100
41 124
41 155
41 198
41 213
41 215
41 229
41 232
41 260
41 273
41 289
41 301
41 304
41 375
41 389
41 435
41 457
42 74
42 95
42 109
42 124
42 139
42 153
42 171
42 182
42 189
42 190
42 210
42 231
42 241
42 251
42 259
42 277
42 283
42 314
42 356
42 375
42 386
42 403
42 418
42 439
42 463
42 483
43 118
43 122
43 136
43 138
43 169
43 201
43 215
43 230
43 241
43 260
43 263
43 270
43 273
43 274
43 292
43 297
43 303
43 327
43 352
43 384
43 395
43 430
43 444
43 448
43 453
43 479
44 47
44 67
44 78
44 107
44 189
44 197
44 206
44 219
44 248
44 257
44 259
44 262
44 288
44 292
44 305
44 309
44 342
44 367
44 410
44 471
44 486
44 498
45 68
45 91
45 106
45 112
45 123
45 127
45 212
45 229
45 256
45 274
45 277
45 327
45 339
45 408
45 415
45 476
45 478
46 73
46 86
46 90
46 91
46 92
46 97
46 129
46 134
46 156
46 165
46 181
46 191
46 208
46 274
46 329
46 336
46 369
46 379
46 417
46 421
46 423
46 427
46 447
46 455
46 465
47 48
47 64
47 90
47 95
47 146
47 179
47 180
47 206
47 226
47 243
47 254
47 276
47 292
47 310
47 360
47 363
47 377
47 398
47 399
47 422
47 429
47 432
47 443
47 449
47 451
47 453
47 478
48 53
48 71
48 105
48 114
48 123
48 187
48 208
48 233
48 253
48 275
48 292
48 315
48 325
48 350
48 351
48 365
48 374
48 420
48 431
48 432
48 434
48 447
48 450
48 459
48 464
48 493
49 68
49 75
49 90
49 104
49 116
49 137
49 167
49 180
49 195
49 234
49 276
49 303
49 318
49 341
49 355
49 361
49 365
49 384
49 392
49 398
49 421
49 462
49 463
50 56
50 59
50 112
50 138
50 171
50 182
50 213
50 224
50 225
50 256
50 286
50 314
50 326
50 333
50 340
50 347
50 360
50 379
50 402
50 448
50 457
50 475
50 484
51 70
51 88
51 111
51 114
51 118
51 186
51 205
51 254
51 264
51 281
51 287
51 346
51 370
51 408
51 415
51 442
52 76
52 77
52 84
52 118
52 128
52 147
52 161
52 251
52 257
52 272
52 303
52 305
52 336
52 344
52 383
52 388
52 397
52 418
52 441
52 479
53 59
53 77
53 136
53 139
53 267
53 276
53 331
53 352
53 356
53 371
53 419
53 458
53 462
53 493
53 499
54 56
54 118
54 120
54 122
54 124
54 148
54 157
54 179
54 183
54 185
54 199
54 233
54 244
54 246
54 257
54 282
54 318
54 336
54 346
54 352
54 362
54 365
54 397
54 405
54 438
54 463
55 63
55 78
55 113
55 118
55 124
55 138
55 146
55 148
55 164
55 176
55 185
55 192
55 198
55 210
55 213
55 231
55 236
55 267
55 292
55 306
55 309
55 328
55 430
55 451
55 454
55 455
55 492
56 66
56 96
56 152
56 182
56 188
56 234
56 251
56 270
56 296
56 301
56 320
56 346
56 362
56 399
56 425
56 458
56 478
56 498
57 81
57 147
57 174
57 193
57 202
57 213
57 260
57 262
57 291
57 319
57 409
57 416
57 437
57 462
57 487
58 125
58 154
58 190
58 218
58 222
58 231
58 247
58 291
58 295
58 319
58 322
58 363
58 381
58 389
58 393
58 412
58 447
58 462
59 101
59 110
59 113
59 174
59 232
59 259
59 321
59 333
59 338
59 375
59 395
59 412
59 436
59 438
59 446
59 467
59 471
60 68
60 80
60 94
60 128
60 168
60 172
60 193
60 201
60 231
60 250
60 326
60 368
60 383
60 386
60 389
60 420
60 436
60 446
60 475
60 488
60 490
61 95
61 109
61 166
61 198
61 205
61 213
61 230
61 238
61 242
61 279
61 288
61 300
61 308
61 321
61 353
61 360
61 363
61 382
61 452
61 453
61 464
62 81
62 135
62 153
62 158
62 170
62 180
62 204
62 237
62 245
62 252
62 262
62 267
62 291
62 320
62 325
62 344
62 347
62 350
62 357
62 404
62 405
62 408
62 423
62 464
62 484
62 499
63 78
63 97
63 107
63 125
63 130
63 141
63 159
63 165
63 199
63 275
63 346
63 368
63 409
63 418
63 428
63 494
63 495
64 92
64 101
64 122
64 128
64 133
64 146
64 171
64 177
64 178
64 235
64 245
64 285
64 300
64 326
64 357
64 407
64 418
64 426
64 427
64 434
64 438
64 446
64 453
64 479
64 481
65 77
65 106
65 114
65 138
65 199
65 274
65 291
65 304
65 315
65 347
65 368
65 423
65 463
66 69
66 100
66 119
66 129
66 131
66 135
66 138
66 139
66 143
66 157
66 173
66 192
66 212
66 219
66 281
66 318
66 361
66 381
66 417
66 429
66 466
66 468
67 80
67 114
67 124
67 178
67 221
67 222
67 239
67 250
67 256
67 268
67 284
67 302
67 321
67 332
67 342
67 347
67 363
67 380
67 449
67 463
67 475
68 70
68 120
68 124
68 191
68 193
68 209
68 224
68 232
68 233
68 259
68 281
68 299
68 300
68 328
68 440
68 472
68 486
68 489
68 498
69 74
69 76
69 82
69 94
69 137
69 162
69 180
69 183
69 186
69 224
69 249
69 252
69 258
69 322
69 347
69 363
69 378
69 390
69 460
69 485
69 498
70 74
70 89
70 118
70 119
70 121
70 137
70 141
70 161
70 209
70 216
70 223
70 227
70 250
70 265
70 327
70 339
70 380
70 435
70 454
70 480
70 481
70 485
71 93
71 148
71 180
71 193
71 209
71 229
71 232
71 248
71 261
71 283
71 295
71 319
71 323
71 349
71 392
71 413
71 438
71 451
71 467
71 484
71 492
72 76
72 89
72 94
72 105
72 139
72 156
72 201
72 220
72 339
72 387
72 392
72 412
72 414
72 427
72 429
72 475
72 497
73 75
73 86
73 93
73 131
73 177
73 192
73 195
73 198
73 199
73 203
73 206
73 223
73 239
73 240
73 255
73 272
73 341
73 357
73 409
73 419
73 453
73 481
73 485
74 80
74 123
74 136
74 184
74 207
74 247
74 255
74 268
74 328
74 369
74 380
74 405
74 419
74 427
74 461
74 483
75 89
75 90
75 100
75 146
75 149
75 166
75 199
75 208
75 237
75 280
75 289
75 299
75 303
75 325
75 331
75 339
75 353
75 355
75 402
75 432
75 461
76 78
76 86
76 91
76 125
76 150
76 165
76 200
76 217
76 226
76 285
76 313
76 327
76 341
76 350
76 375
76 381
76 400
76 418
76 425
76 456
76 496
77 121
77 135
77 142
77 158
77 170
77 186
77 207
77 209
77 237
77 264
77 275
77 315
77 343
77 357
77 375
77 456
77 461
77 493
78 134
78 180
78 245
78 259
78 298
78 300
78 313
78 407
78 413
78 428
78 451
78 459
78 471
78 478
78 485
79 83
79 107
79 109
79 121
79 124
79 148
79 155
79 166
79 181
79 192
79 200
79 201
79 206
79 221
79 222
79 227
79 228
79 245
79 277
79 279
79 288
79 316
79 356
79 357
79 360
79 363
79 383
79 395
79 419
79 464
79 468
79 486
79 497
79 498
80 111
80 188
80 190
80 247
80 249
80 262
80 306
80 307
80 321
80 349
80 381
80 388
80 389
80 393
80 402
80 469
80 475
81 96
81 122
81 169
81 229
81 265
81 276
81 297
81 301
81 355
81 401
81 439
81 443
81 446
81 469
81 471
82 99
82 112
82 119
82 162
82 173
82 204
82 212
82 224
82 231
82 252
82 304
82 329
82 331
82 332
82 341
82 370
82 373
82 380
82 393
82 395
82 403
82 435
82 462
83 101
83 146
83 154
83 164
83 217
83 236
83 281
83 284
83 291
83 301
83 348
83 349
83 386
83 404
83 475
84 110
84 134
84 147
84 155
84 182
84 237
84 270
84 300
84 312
84 317
84 328
84 355
84 408
84 414
84 416
84 434
84 456
84 461
84 481
85 105
85 110
85 111
85 128
85 143
85 190
85 209
85 274
85 296
85 301
85 321
85 324
85 330
85 334
85 348
85 418
85 420
85 422
85 452
85 480
85 484
86 136
86 142
86 160
86 201
86 205
86 230
86 232
86 237
86 249
86 321
86 325
86 328
86 354
86 370
86 378
86 396
86 413
86 415
86 423
86 427
86 460
86 467
87 115
87 208
87 234
87 263
87 267
87 273
87 282
87 292
87 315
87 318
87 357
87 364
87 458
87 491
88 108
88 133
88 146
88 154
88 183
88 197
88 232
88 239
88 279
88 302
88 329
88 346
88 352
88 366
88 371
88 376
88 394
88 402
88 430
88 435
88 436
88 439
89 115
89 140
89 143
89 160
89 161
89 219
89 247
89 260
89 284
89 303
89 317
89 336
89 344
89 368
89 397
89 401
89 460
89 464
90 96
90 103
90 136
90 177
90 178
90 179
90 200
90 239
90 264
90 287
90 316
90 323
90 415
90 462
90 477
90 485
91 114
91 164
91 168
91 222
91 227
91 256
91 279
91 286
91 379
91 400
91 429
91 445
91 488
92 183
92 248
92 259
92 319
92 320
92 370
92 447
93 159
93 175
93 176
93 191
93 258
93 318
93 354
93 386
93 387
93 432
93 433
93 480
93 486
94 124
94 127
94 152
94 189
94 191
94 198
94 210
94 247
94 257
94 259
94 278
94 289
94 339
94 344
94 358
94 366
94 380
94 411
94 413
94 416
94 465
94 480
95 103
95 128
95 145
95 174
95 193
95 201
95 240
95 248
95 277
95 289
95 291
95 307
95 358
95 368
95 375
95 453
95 480
95 491
96 107
96 108
96 151
96 193
96 208
96 237
96 247
96 264
96 269
96 347
96 355
96 359
96 369
96 380
96 397
96 412
96 445
96 472
96 474
96 497
97 134
97 198
97 202
97 210
97 257
97 317
97 322
97 356
97 370
97 378
97 402
97 407
97 423
97 457
97 496
98 122
98 141
98 145
98 153
98 158
98 204
98 250
98 303
98 341
98 372
98 376
98 380
98 382
98 395
98 410
98 444
98 480
98 483
98 497
99 139
99 172
99 262
99 275
99 289
99 292
99 303
99 332
99 336
99 347
99 362
99 384
99 463
99 471
99 490
99 493
100 104
100 158
100 171
100 181
100 184
100 195
100 244
100 247
100 280
100 366
100 367
100 375
100 382
100 405
100 408
100 417
100 452
100 492
100 499
101 106
101 107
101 111
101 123
101 142
101 170
101 224
101 235
101 258
101 284
101 291
101 322
101 326
101 357
101 416
101 425
101 435
101 459
101 464
102 108
102 156
102 158
102 176
102 188
102 193
102 205
102 213
102 223
102 255
102 266
102 318
102 319
102 366
102 368
102 374
102 378
102 405
102 423
102 459
102 464
102 496
103 114
103 131
103 139
103 145
103 149
103 156
103 179
103 181
103 194
103 201
103 244
103 267
103 314
103 316
103 324
103 334
103 352
103 372
103 375
103 386
103 398
103 408
104 117
104 118
104 132
104 150
104 173
104 179
104 191
104 216
104 238
104 273
104 302
104 318
104 336
104 355
104 360
104 386
104 397
104 410
104 419
104 434
104 435
104 461
104 476
105 197
105 201
105 230
105 246
105 269
105 335
105 344
105 358
105 359
105 361
105 379
105 388
105 431
105 433
105 434
105 446
105 487
106 107
106 113
106 146
106 147
106 177
106 179
106 215
106 258
106 260
106 328
106 347
106 404
106 445
106 458
106 459
106 480
106 483
106 486
106 487
106 489
107 136
107 174
107 193
107 244
107 268
107 272
107 286
107 326
107 345
107 349
107 350
107 476
107 486
107 492
108 147
108 184
108 226
108 234
108 246
108 276
108 305
108 318
108 348
108 385
108 421
108 440
108 469
109 208
109 249
109 266
109 275
109 286
109 301
109 303
109 311
109 324
109 362
109 366
109 368
109 388
109 402
109 437
110 112
110 147
110 152
110 169
110 189
110 210
110 234
110 266
110 373
110 384
110 391
110 470
110 490
111 124
111 134
111 176
111 195
111 224
111 230
111 243
111 250
111 281
111 291
111 293
111 294
111 321
111 326
111 386
111 388
111 389
111 404
111 410
111 416
111 427
111 488
111 490
111 493
112 145
112 160
112 173
112 202
112 244
112 250
112 310
112 312
112 314
112 327
112 363
112 379
112 392
112 488
113 115
113 117
113 144
113 163
113 203
113 242
113 246
113 249
113 250
113 268
113 324
113 327
113 330
113 336
113 434
113 472
114 169
114 176
114 201
114 244
114 249
114 264
114 296
114 319
114 323
114 366
114 379
114 413
114 419
114 430
114 433
114 442
114 454
114 473
114 494
115 117
115 120
115 122
115 152
115 156
115 185
115 229
115 251
115 280
115 282
115 368
115 383
115 388
115 437
115 459
115 465
115 488
116 140
116 143
116 146
116 219
116 224
116 243
116 283
116 300
116 340
116 366
116 389
116 390
116 391
116 406
116 407
116 427
116 480
116 495
117 154
117 229
117 235
117 236
117 246
117 264
117 336
117 368
117 370
117 387
117 398
117 399
117 418
117 455
117 476
118 125
118 136
118 141
118 148
118 168
118 182
118 204
118 206
118 262
118 278
118 334
118 364
118 380
118 388
118 423
118 445
118 456
118 484
119 120
119 148
119 150
119 199
119 226
119 238
119 243
119 262
119 294
119 303
119 312
119 313
119 318
119 328
119 341
119 349
119 391
119 408
119 439
119 450
119 462
119 484
120 141
120 147
120 155
120 176
120 233
120 254
120 317
120 346
120 349
120 364
120 373
120 384
120 393
120 395
120 403
120 411
120 419
120 435
120 439
120 441
120 443
120 444
120 446
120 468
120 482
120 485
121 134
121 194
121 230
121 308
121 333
121 344
121 378
121 419
121 430
121 459
122 139
122 160
122 161
122 166
122 179
122 209
122 236
122 239
122 246
122 327
122 344
122 367
122 382
122 396
122 437
122 441
122 487
123 166
123 176
123 184
123 214
123 240
123 259
123 301
123 333
123 349
123 435
123 454
123 469
124 127
124 193
124 224
124 244
124 295
124 331
124 338
124 356
124 376
124 394
124 420
124 430
124 436
124 443
124 448
124 499
125 131
125 133
125 145
125 167
125 177
125 185
125 237
125 292
125 316
125 319
125 333
125 337
125 341
125 363
125 409
125 412
125 428
125 429
125 436
125 438
125 460
126 127
126 148
126 168
126 177
126 187
126 232
126 233
126 234
126 252
126 257
126 261
126 279
126 298
126 303
126 422
126 462
126 475
127 163
127 188
127 190
127 191
127 205
127 234
127 240
127 293
127 351
127 371
127 425
127 442
127 464
127 490
127 493
128 131
128 147
128 149
128 186
128 204
128 205
128 262
128 310
128 408
128 451
128 478
129 155
129 158
129 170
129 190
129 191
129 203
129 221
129 251
129 255
129 275
129 283
129 285
129 297
129 329
129 330
129 332
129 339
129 372
129 394
129 418
129 443
129 462
129 487
130 151
130 224
130 234
130 249
130 258
130 259
130 260
130 268
130 273
130 285
130 343
130 369
130 374
130 382
130 474
131 133
131 194
131 200
131 227
131 235
131 236
131 263
131 277
131 367
131 376
131 383
131 405
131 408
131 417
131 419
131 443
131 452
131 479
131 486
132 150
132 165
132 176
132 187
132 230
132 246
132 272
132 276
132 280
132 322
132 332
132 338
132 350
132 362
132 383
132 400
132 431
132 433
132 438
132 457
132 481
132 494
133 136
133 138
133 151
133 164
133 204
133 207
133 258
133 275
133 288
133 296
133 308
133 315
133 338
133 350
133 367
133 372
133 377
133 383
133 411
133 421
133 430
133 440
133 452
133 485
133 492
134 163
134 166
134 170
134 190
134 215
134 219
134 292
134 312
134 384
134 409
134 416
134 421
134 450
134 481
135 146
135 166
135 175
135 248
135 293
135 300
135 311
135 312
135 315
135 355
135 356
135 365
135 373
135 391
135 403
135 417
135 421
135 422
135 438
135 457
135 475
135 494
135 496
136 170
136 190
136 193
136 205
136 216
136 235
136 276
136 290
136 366
136 425
136 458
136 462
136 475
136 484
137 139
137 150
137 165
137 193
137 198
137 265
137 266
137 280
137 285
137 305
137 318
137 360
137 380
137 381
137 382
137 404
137 417
137 470
138 141
138 154
138 162
138 165
138 190
138 202
138 218
138 270
138 280
138 284
138 327
138 328
138 346
138 351
138 393
138 394
138 424
138 475
139 156
139 158
139 166
139 176
139 184
139 227
139 231
139 270
139 279
139 283
139 296
139 334
139 341
139 348
139 379
139 383
139 386
139 394
139 397
139 448
139 464
139 489
140 145
140 149
140 152
140 174
140 197
140 202
140 226
140 286
140 300
140 310
140 319
140 346
140 355
140 370
140 372
140 401
140 411
140 419
140 449
140 456
140 461
140 480
140 485
140 489
141 151
141 162
141 170
141 189
141 202
141 233
141 249
141 278
141 376
141 382
141 404
141 408
141 437
141 453
142 174
142 186
142 228
142 257
142 263
142 279
142 324
142 327
142 328
142 352
142 360
142 411
142 449
142 451
142 480
142 496
143 237
143 247
143 254
143 260
143 274
143 277
143 304
143 311
143 334
143 354
143 370
143 421
143 457
143 463
143 493
144 169
144 212
144 225
144 228
144 232
144 277
144 295
144 306
144 354
144 410
144 423
144 427
144 446
144 461
144 483
144 498
145 159
145 175
145 185
145 198
145 267
145 276
145 311
145 380
145 386
145 397
145 414
145 429
145 436
145 445
145 466
145 490
146 270
146 291
146 309
146 314
146 343
146 352
146 395
147 214
147 217
147 284
147 293
147 311
147 318
147 326
147 332
147 339
147 399
147 431
147 441
148 150
148 214
148 223
148 226
148 232
148 233
148 235
148 268
148 290
148 315
148 334
148 355
148 425
148 449
148 450
148 458
148 460
149 188
149 193
149 206
149 216
149 243
149 263
149 267
149 284
149 285
149 298
149 353
149 396
149 407
149 456
149 460
150 157
150 163
150 193
150 198
150 212
150 223
150 240
150 269
150 307
150 313
150 327
150 340
150 427
150 438
150 452
150 456
150 474
150 481
150 499
151 170
151 176
151 209
151 238
151 274
151 282
151 308
151 332
151 370
151 372
151 425
151 433
151 444
151 472
151 474
152 174
152 198
152 234
152 237
152 242
152 243
152 284
152 291
152 307
152 327
152 401
152 403
152 435
152 441
152 460
152 497
153 155
153 182
153 214
153 230
153 246
153 289
153 340
153 344
153 352
153 376
153 382
153 385
153 390
153 404
153 473
153 489
153 498
154 181
154 199
154 300
154 310
154 313
154 346
154 409
154 434
154 459
155 198
155 256
155 293
155 294
155 306
155 307
155 319
155 329
155 338
155 339
155 356
155 374
155 401
155 405
155 427
155 448
156 193
156 198
156 236
156 237
156 245
156 294
156 343
156 356
156 378
156 450
156 464
156 498
157 165
157 173
157 194
157 211
157 224
157 233
157 261
157 264
157 277
157 300
157 379
158 170
158 178
158 185
158 249
158 268
158 330
158 348
158 358
158 401
158 404
158 412
158 425
158 445
158 451
158 452
158 468
158 486
159 165
159 172
159 187
159 212
159 213
159 232
159 233
159 246
159 266
159 268
159 306
159 317
159 381
159 388
159 390
159 400
159 409
159 442
159 459
159 468
160 182
160 201
160 211
160 212
160 215
160 236
160 284
160 303
160 309
160 325
160 347
160 360
160 392
160 396
160 399
160 495
161 219
161 221
161 269
161 282
161 314
161 324
161 327
161 371
161 448
161 464
161 476
161 493
162 173
162 198
162 208
162 222
162 249
162 259
162 273
162 285
162 305
162 314
162 334
162 341
162 369
162 384
162 429
162 463
162 468
162 487
162 493
163 169
163 188
163 210
163 217
163 246
163 269
163 283
163 365
163 414
163 421
163 442
163 462
163 488
163 496
164 189
164 203
164 250
164 261
164 267
164 268
164 317
164 325
164 396
164 412
164 417
164 478
164 489
165 168
165 193
165 196
165 197
165 201
165 264
165 299
165 312
165 319
165 325
165 343
165 348
165 401
165 413
165 423
165 443
165 447
165 482
166 201
166 208
166 221
166 237
166 291
166 294
166 306
166 336
166 348
166 407
166 413
166 423
166 442
166 460
166 466
166 469
167 178
167 193
167 197
167 233
167 362
167 412
167 497
168 226
168 232
168 239
168 242
168 254
168 299
168 304
168 305
168 307
168 352
168 360
168 374
168 462
169 218
169 258
169 318
169 347
169 371
169 402
169 418
169 426
169 431
169 450
169 451
170 186
170 226
170 230
170 312
170 336
170 337
170 355
170 409
170 421
170 448
170 458
170 464
171 203
171 214
171 258
171 287
171 385
171 392
171 411
171 412
171 428
171 473
171 482
171 489
172 217
172 256
172 291
172 308
172 357
172 408
172 431
172 476
173 187
173 196
173 198
173 206
173 258
173 283
173 291
173 341
173 354
173 360
173 377
173 408
173 453
174 195
174 201
174 209
174 210
174 213
174 222
174 225
174 247
174 277
174 293
174 344
174 373
174 438
174 449
174 489
174 494
175 181
175 188
175 225
175 258
175 260
175 272
175 274
175 303
175 318
175 355
175 377
175 382
175 422
175 443
175 473
175 489
176 217
176 224
176 255
176 303
176 332
176 364
176 391
176 437
176 491
176 492
176 497
177 214
177 290
177 308
177 316
177 325
177 341
177 358
177 374
177 382
177 403
177 418
177 427
177 440
177 441
177 442
177 470
178 207
178 259
178 282
178 335
178 341
178 366
178 374
178 474
179 183
179 336
179 339
179 344
179 363
179 379
179 414
179 424
179 450
179 490
179 493
180 225
180 238
180 259
180 265
180 323
180 342
180 384
180 385
180 408
180 447
180 457
180 460
180 470
180 477
180 485
180 486
180 491
180 497
181 189
181 197
181 210
181 217
181 274
181 275
181 276
181 293
181 303
181 322
181 388
181 436
181 440
181 455
181 458
181 467
181 484
182 195
182 249
182 261
182 266
182 288
182 310
182 331
182 349
182 350
182 352
182 404
182 405
182 441
182 451
182 471
183 213
183 246
183 249
183 280
183 294
183 304
183 330
183 345
183 352
183 425
183 427
183 428
183 435
183 466
183 489
183 492
184 190
184 197
184 221
184 261
184 274
184 297
184 373
184 378
184 384
184 484
185 193
185 221
185 240
185 247
185 275
185 301
185 314
185 317
185 353
185 372
185 480
185 486
186 224
186 234
186 240
186 244
186 252
186 293
186 303
186 307
186 309
186 356
186 359
186 377
186 409
186 422
186 431
186 446
186 473
186 478
187 198
187 199
187 235
187 290
187 298
187 307
187 338
187 348
187 352
187 394
187 397
187 436
187 444
187 490
188 196
188 229
188 237
188 262
188 299
188 310
188 417
188 465
188 468
189 226
189 243
189 262
189 360
189 373
189 421
189 440
189 477
189 487
190 192
190 196
190 276
190 286
190 289
190 290
190 291
190 308
190 340
190 404
190 442
190 451
190 456
191 226
191 286
191 308
191 323
191 334
191 340
191 368
191 378
191 383
191 408
191 428
191 457
191 474
191 479
192 194
192 215
192 230
192 335
192 351
192 360
192 366
192 369
192 417
192 466
192 477
193 201
193 213
193 216
193 236
193 262
193 310
193 346
193 376
193 386
193 388
193 396
194 245
194 268
194 276
194 286
194 292
194 302
194 325
194 399
194 441
194 448
194 464
194 468
194 469
194 478
194 490
195 210
195 217
195 396
195 414
195 450
195 458
195 476
195 490
196 256
196 259
196 261
196 318
196 333
196 350
196 370
196 419
196 472
196 478
197 200
197 233
197 234
197 241
197 256
197 265
197 273
197 283
197 313
197 326
197 331
197 379
197 396
197 471
198 229
198 231
198 254
198 294
198 337
198 369
198 370
198 379
198 385
198 422
198 453
198 478
198 480
198 491
199 315
199 350
199 432
199 444
200 203
200 221
200 231
200 238
200 242
200 260
200 270
200 275
200 299
200 308
200 331
200 332
200 335
200 355
200 358
200 384
200 401
200 441
200 456
200 472
200 496
201 203
201 271
201 293
201 294
201 335
201 356
201 379
201 425
201 431
201 439
202 278
202 287
202 321
202 323
202 327
202 350
202 366
202 430
202 436
202 445
202 457
203 205
203 228
203 234
203 240
203 243
203 256
203 305
203 345
203 359
203 375
203 384
203 386
203 393
203 425
203 465
203 470
203 481
204 215
204 243
204 257
204 284
204 292
204 305
204 318
204 344
204 362
204 379
204 406
204 417
204 421
204 425
204 457
204 461
204 491
204 496
205 220
205 221
205 270
205 280
205 284
205 307
205 311
205 366
205 375
205 404
205 408
205 409
205 417
205 427
205 495
206 237
206 278
206 293
206 301
206 303
206 324
206 360
206 373
206 376
206 401
206 402
206 403
206 407
206 432
206 433
206 481
207 252
207 256
207 277
207 280
207 300
207 303
207 320
207 345
207 374
207 409
207 425
207 445
207 448
207 451
207 490
208 220
208 235
208 246
208 284
208 286
208 289
208 298
208 303
208 319
208 321
208 330
208 331
208 351
208 356
208 376
208 390
208 450
208 467
209 238
209 240
209 251
209 293
209 385
209 418
209 422
209 423
209 432
209 439
209 452
209 453
209 466
209 468
209 495
210 226
210 262
210 302
210 304
210 330
210 346
210 358
210 386
210 388
210 407
210 408
210 415
210 441
210 449
210 471
210 475
210 487
210 489
211 219
211 241
211 248
211 265
211 290
211 295
211 326
211 338
211 381
211 394
211 446
211 460
211 471
211 484
211 493
212 235
212 311
212 331
212 343
212 349
212 361
212 373
212 379
212 381
212 424
212 426
212 457
212 465
213 239
213 260
213 269
213 309
213 314
213 332
213 339
213 343
213 347
213 373
213 415
213 421
213 428
213 437
213 466
213 476
213 480
213 481
213 484
214 272
214 275
214 276
214 315
214 357
214 384
214 457
214 465
214 476
214 488
214 498
215 237
215 266
215 275
215 298
215 349
215 357
215 366
215 423
215 473
215 486
216 312
216 322
216 340
216 353
216 375
216 377
216 379
216 386
216 402
216 409
216 430
216 443
216 453
216 467
216 478
216 487
216 499
217 221
217 222
217 276
217 310
217 334
217 339
217 416
217 417
217 431
217 477
217 489
218 285
218 308
218 319
218 428
218 451
218 463
218 477
218 497
219 224
219 304
219 329
219 333
219 336
219 351
219 390
219 402
219 422
220 225
220 235
220 257
220 341
220 352
220 388
220 410
220 486
220 491
221 244
221 262
221 291
221 300
221 303
221 398
221 402
221 407
221 409
221 416
221 423
221 457
221 487
222 291
222 294
222 297
222 317
222 339
222 359
222 366
222 392
222 408
222 420
222 426
222 443
222 446
222 460
222 474
222 475
222 478
223 277
223 313
223 361
223 368
223 373
223 385
223 409
223 426
223 429
223 487
223 489
224 243
224 269
224 273
224 282
224 291
224 297
224 355
224 361
224 373
224 451
225 294
225 310
225 312
225 356
225 404
225 417
225 435
225 481
225 499
226 244
226 269
226 301
226 304
226 314
226 325
226 412
226 418
226 447
226 451
226 479
226 491
227 248
227 258
227 260
227 274
227 279
227 288
227 336
227 342
227 365
227 384
227 388
227 397
227 408
227 414
227 420
227 447
227 465
227 475
227 484
227 493
227 495
228 252
228 253
228 267
228 355
228 368
228 371
228 398
228 483
228 492
228 498
229 248
229 253
229 263
229 265
229 286
229 317
229 321
229 327
229 371
229 407
229 410
229 416
229 451
229 454
229 464
229 470
229 493
230 232
230 234
230 254
230 275
230 286
230 314
230 321
230 325
230 337
230 338
230 364
230 375
230 377
230 387
230 390
230 412
230 441
230 443
230 459
231 237
231 248
231 254
231 311
231 337
231 361
231 367
231 412
231 415
231 420
231 427
231 445
231 448
232 276
232 279
232 325
232 328
232 353
232 370
232 376
232 379
232 404
232 433
232 439
232 453
232 476
232 491
232 498
233 287
233 288
233 303
233 319
233 332
233 346
233 413
233 425
233 461
233 473
233 482
234 259
234 260
234 274
234 283
234 295
234 308
234 313
234 331
234 339
234 367
234 376
234 415
234 456
234 493
235 244
235 270
235 294
235 309
235 321
235 328
235 398
235 402
235 465
235 478
236 261
236 265
236 295
236 304
236 314
236 317
236 327
236 392
236 429
236 449
236 451
236 453
236 456
236 464
237 245
237 248
237 261
237 274
237 289
237 327
237 374
237 375
237 396
237 399
237 401
237 443
237 451
237 483
237 488
238 245
238 288
238 294
238 392
238 408
238 433
238 446
238 472
239 243
239 316
239 366
239 385
239 401
239 425
239 457
239 485
240 255
240 301
240 311
240 316
240 322
240 362
240 374
240 395
240 414
240 421
240 448
240 456
240 491
241 263
241 280
241 296
241 315
241 316
241 325
241 332
241 348
241 410
241 452
241 457
241 474
241 477
242 249
242 250
242 265
242 352
242 366
242 405
242 425
242 429
242 433
242 444
242 456
242 461
242 468
243 255
243 269
243 275
243 288
243 310
243 319
243 346
243 350
243 389
243 411
243 426
243 449
243 490
244 268
244 278
244 286
244 290
244 299
244 357
244 385
244 388
244 394
244 395
244 404
244 419
244 494
245 250
245 255
245 265
245 268
245 272
245 274
245 335
245 387
245 415
245 493
246 296
246 348
246 374
246 376
246 396
246 397
246 421
246 446
247 250
247 253
247 272
247 274
247 276
247 323
247 355
247 363
247 385
247 392
247 417
247 424
247 477
248 269
248 278
248 303
248 320
248 341
248 342
248 352
248 353
248 360
248 364
248 442
248 449
248 463
249 260
249 288
249 295
249 297
249 301
249 328
249 342
249 361
249 379
249 413
249 446
249 468
249 487
249 492
250 267
250 279
250 288
250 300
250 341
250 343
250 397
250 440
251 294
251 303
251 307
251 316
251 320
251 344
251 352
251 363
251 372
251 399
251 423
251 436
251 441
252 304
252 316
252 319
252 327
252 412
252 425
252 466
252 492
253 270
253 279
253 280
253 336
253 356
253 373
253 422
253 439
254 307
254 338
254 358
254 361
254 371
254 374
254 407
254 437
254 451
254 455
254 489
255 318
255 324
255 329
255 449
256 291
256 292
256 331
256 347
256 394
256 431
256 440
256 453
256 459
257 261
257 288
257 310
257 350
257 360
257 407
257 430
257 434
257 436
257 472
257 492
258 325
258 374
259 265
259 270
259 271
259 297
259 361
259 373
259 394
259 430
259 455
259 461
259 464
259 470
260 275
260 311
260 312
260 334
260 338
260 361
260 366
260 411
260 415
260 451
260 467
260 491
261 271
261 276
261 282
261 320
261 321
261 348
261 349
261 358
261 375
261 381
261 390
261 392
261 406
261 409
261 426
261 452
261 459
261 469
262 269
262 281
262 283
262 287
262 343
262 347
262 369
262 373
262 463
263 311
263 322
263 328
263 334
263 356
263 373
263 397
263 404
263 437
263 476
263 498
264 270
264 335
264 372
264 413
264 416
264 417
264 454
264 465
265 285
265 286
265 317
265 322
265 332
265 378
265 392
265 406
265 414
265 415
265 447
265 490
265 497
266 267
266 290
266 320
266 334
266 351
266 353
266 423
266 431
266 433
266 453
266 471
267 291
267 337
267 359
267 371
267 391
267 417
267 425
267 443
267 451
268 286
268 287
268 305
268 339
268 367
268 405
268 440
268 443
268 452
268 488
268 496
269 273
269 339
269 365
269 369
269 386
269 399
269 405
269 445
269 448
269 467
269 475
269 496
269 497
270 318
270 323
270 330
270 344
270 366
270 378
270 409
270 413
270 414
270 423
270 441
270 445
270 482
271 291
271 300
271 301
271 386
271 388
271 418
271 450
271 457
271 458
272 274
272 280
272 320
272 335
272 416
272 434
272 448
272 454
272 472
272 484
273 285
273 295
273 304
273 324
273 347
273 351
273 356
273 388
273 399
273 410
273 479
274 281
274 351
274 358
274 365
274 369
274 396
274 403
274 423
274 440
274 453
274 475
275 295
275 315
275 322
275 323
275 334
275 349
275 362
275 400
275 437
275 438
275 468
275 473
275 490
276 292
276 304
276 346
276 408
276 419
276 434
277 281
277 290
277 295
277 314
277 338
277 343
277 344
277 364
277 367
277 407
277 431
277 436
277 461
277 481
277 483
277 488
278 288
278 291
278 328
278 330
278 350
278 400
278 426
278 471
278 474
278 475
278 499
279 300
279 302
279 318
279 337
279 343
279 345
279 368
279 429
279 448
280 317
280 319
280 324
280 325
280 368
280 374
280 425
280 449
281 291
281 292
281 299
281 336
281 346
281 365
281 383
281 405
281 407
281 436
281 463
281 468
281 469
282 286
282 315
282 325
282 365
282 378
282 407
282 421
282 455
282 493
283 287
283 321
283 331
283 347
283 349
283 357
283 360
283 394
283 408
283 468
283 469
283 489
284 310
284 319
284 323
284 372
284 376
284 391
284 408
284 431
284 437
284 462
284 481
285 329
285 359
285 364
285 378
285 403
285 415
285 450
285 471
285 496
285 498
286 305
286 356
286 399
286 403
286 413
286 463
286 489
287 295
287 303
287 312
287 350
287 370
287 381
287 387
287 398
287 399
287 406
287 491
287 498
288 305
288 318
288 367
288 380
288 390
288 406
288 408
288 414
288 417
288 427
288 440
288 453
288 467
289 290
289 312
289 313
289 357
289 368
289 400
289 453
289 457
289 458
289 477
289 496
290 347
290 350
290 354
290 377
290 382
290 397
290 411
290 412
290 465
290 471
290 486
291 307
291 323
291 348
291 352
291 369
291 378
291 389
291 412
291 449
291 484
292 306
292 316
292 338
292 347
292 350
292 397
292 421
292 430
292 454
292 494
293 329
293 343
293 374
293 410
293 431
293 446
293 464
293 498
294 312
294 362
294 368
294 370
294 385
294 432
294 449
294 455
294 463
295 316
295 328
295 332
295 335
295 368
295 391
295 411
295 438
295 450
295 493
295 499
296 310
296 318
296 358
296 368
296 379
296 387
296 407
296 436
296 444
296 493
297 312
297 320
297 345
297 382
297 389
297 405
297 422
297 457
297 469
297 492
298 355
298 425
298 435
298 443
298 445
298 464
298 472
298 487
299 302
299 310
299 347
299 421
299 447
299 456
300 309
300 342
300 354
300 360
300 378
300 379
300 415
300 458
300 463
300 488
301 333
301 363
301 364
301 386
301 440
301 459
302 320
302 341
302 362
302 366
302 382
302 390
302 449
302 463
302 490
303 324
303 343
303 356
303 374
303 389
304 314
304 351
304 364
304 369
304 384
304 388
304 463
305 353
305 452
305 477
305 486
306 328
306 329
306 337
306 344
306 367
306 381
306 385
306 460
306 475
306 479
306 484
307 310
307 342
307 361
307 371
307 374
307 385
307 399
307 416
307 429
307 436
307 455
307 461
308 320
308 364
308 383
308 408
308 441
308 468
308 473
309 340
309 391
309 403
309 483
309 496
310 341
310 345
310 353
310 385
310 485
310 488
311 325
311 410
311 418
311 419
311 437
312 326
312 355
312 363
312 378
312 427
312 454
313 327
313 342
313 371
313 408
313 416
313 426
313 433
313 438
313 443
313 499
314 317
314 323
314 328
314 341
314 356
314 385
314 389
314 401
314 406
314 434
314 450
315 322
315 331
315 349
315 421
315 434
316 343
316 352
316 357
316 361
316 401
316 421
316 463
316 464
316 489
316 498
317 360
317 361
317 366
317 399
317 418
317 437
317 461
317 471
317 474
317 481
318 334
318 335
318 345
318 347
318 367
318 375
318 412
318 462
318 472
318 476
319 331
319 354
319 365
319 369
319 390
319 431
319 433
319 449
319 456
319 496
320 331
320 351
320 360
320 363
320 394
320 397
320 418
320 448
320 459
320 499
321 428
321 431
321 473
322 353
322 388
322 405
322 434
322 441
322 454
322 461
322 465
322 488
323 355
323 376
323 387
323 424
323 428
323 452
323 465
324 361
324 391
324 399
324 426
324 446
324 453
325 341
325 366
325 369
325 409
325 464
326 354
326 367
326 378
326 388
326 455
326 484
326 499
327 352
327 372
327 416
327 477
327 497
328 359
328 362
328 403
328 405
328 425
328 437
328 468
328 489
329 376
329 383
329 399
329 408
329 447
330 332
330 391
330 428
330 435
330 458
330 483
330 499
331 361
331 368
331 387
331 398
331 401
331 404
332 374
332 387
332 395
332 429
332 439
332 459
332 469
332 478
333 351
333 358
333 370
333 410
333 415
333 431
333 461
333 465
333 495
333 497
334 347
334 357
334 360
334 369
334 407
334 412
334 433
334 456
334 461
334 462
334 470
334 483
334 490
335 368
335 394
335 411
335 412
335 422
335 458
336 355
336 403
336 417
336 418
336 419
336 452
336 466
336 470
336 476
337 391
337 439
337 449
337 461
337 469
337 489
338 372
338 387
338 427
338 464
338 472
338 486
338 499
339 364
339 375
339 390
339 438
339 456
339 482
339 487
339 489
339 490
340 356
340 357
340 366
340 375
340 388
340 390
340 397
340 407
340 418
341 343
341 356
341 392
341 403
341 408
341 429
341 436
341 452
341 462
341 488
341 490
342 348
342 371
342 390
342 422
342 425
342 433
342 434
342 447
343 348
343 349
343 382
343 416
343 458
343 460
343 465
343 485
344 345
344 418
344 435
344 449
344 483
345 350
345 437
345 455
345 469
345 475
346 374
346 397
346 399
346 412
346 430
346 455
346 489
346 494
347 365
347 368
347 371
347 376
347 381
347 388
347 391
347 394
347 395
347 428
347 439
347 450
347 471
348 351
348 358
348 361
348 393
348 424
348 426
348 440
348 461
348 462
348 468
349 350
349 354
349 362
349 394
349 478
350 381
350 391
350 396
350 403
350 406
350 442
350 468
350 471
350 490
351 390
351 391
351 398
351 402
351 405
351 447
351 474
351 488
352 367
352 369
352 373
352 378
352 425
352 436
352 438
352 453
352 465
352 494
353 358
353 364
353 389
353 398
353 416
353 469
354 370
354 392
354 401
354 410
354 421
354 449
354 451
354 490
355 361
355 389
355 463
355 471
355 473
355 487
356 381
356 383
356 396
356 397
356 439
356 466
356 470
356 479
357 366
357 380
357 384
357 456
357 461
358 401
358 406
358 456
358 471
358 493
358 495
359 376
359 386
359 395
359 415
359 460
359 478
359 481
360 365
360 401
360 449
360 452
360 462
360 473
360 484
360 489
361 381
361 428
361 453
361 493
362 453
362 486
362 494
363 439
363 482
363 496
364 378
364 379
364 428
364 438
364 459
364 462
364 468
364 482
365 373
365 389
365 416
365 462
365 474
365 480
365 488
365 489
366 431
366 451
367 404
367 409
367 418
368 369
368 431
368 438
368 498
369 406
369 436
369 439
369 463
369 469
369 485
370 391
370 433
370 457
371 380
371 382
371 445
371 448
371 483
372 380
372 384
372 398
372 403
372 428
372 434
372 464
373 380
373 423
373 444
373 468
374 471
374 487
375 377
375 385
375 386
375 497
376 419
376 469
376 482
376 491
377 382
377 420
377 439
377 444
377 447
377 457
377 460
377 464
377 475
377 477
377 478
377 483
377 484
377 496
378 402
378 441
378 470
378 485
379 384
379 421
379 431
379 453
379 454
379 472
379 476
379 477
379 480
380 400
380 489
380 492
381 398
381 409
381 423
381 427
381 449
381 454
381 465
382 431
382 443
382 445
382 499
383 416
383 421
383 435
383 455
383 464
383 468
383 469
383 478
383 488
384 411
384 418
384 451
384 459
384 461
384 471
384 476
384 487
385 493
385 494
386 408
386 417
386 421
386 427
386 455
386 491
386 494
387 461
387 479
388 393
388 423
388 428
388 445
388 456
388 481
388 485
389 392
389 413
389 435
389 454
390 397
390 445
390 481
390 482
390 489
391 409
391 412
391 422
392 397
392 401
392 411
392 413
392 426
392 431
392 435
392 446
392 462
392 490
393 396
393 412
393 478
393 489
394 424
394 475
394 482
396 435
396 442
396 481
397 410
397 427
397 433
397 435
397 436
397 441
397 444
397 473
398 442
398 446
398 455
398 460
399 412
399 414
399 442
399 459
400 458
400 498
401 418
401 429
401 446
401 447
401 462
401 468
401 478
401 488
402 408
402 443
402 453
402 470
402 477
403 408
403 458
403 485
403 488
403 491
404 407
404 410
404 420
404 424
404 447
404 464
404 468
404 481
405 421
405 443
405 453
405 462
405 468
405 478
405 486
406 477
406 489
407 438
407 441
407 454
408 437
408 451
409 414
409 460
409 484
410 439
410 445
410 470
411 423
411 441
411 445
411 464
411 495
412 457
412 469
413 425
414 415
414 418
414 452
414 469
414 475
414 481
414 494
415 424
415 434
415 447
415 455
415 482
415 489
416 419
416 437
416 485
416 491
417 421
417 445
417 454
417 456
417 462
417 463
417 488
418 428
418 446
418 457
418 479
419 424
419 435
419 483
420 425
420 468
421 439
421 444
421 473
421 482
421 484
422 444
422 448
422 472
422 477
422 480
422 485
422 486
422 498
423 427
423 444
423 461
423 476
424 467
424 489
424 493
425 429
425 452
426 430
426 464
426 489
427 451
427 459
428 468
428 475
428 482
428 489
428 493
429 437
429 447
429 449
429 455
430 479
430 484
431 437
431 442
431 457
431 461
431 473
431 497
431 498
432 440
432 474
432 483
433 450
434 440
434 450
434 453
434 478
434 491
435 440
435 472
435 490
436 450
436 461
436 465
436 476
436 484
436 489
437 463
438 451
438 461
438 472
439 441
439 473
439 492
440 460
440 487
440 489
441 458
441 479
441 482
441 498
442 470
443 461
443 462
443 464
443 495
443 499
444 453
444 459
444 465
444 487
445 453
445 487
445 494
446 480
447 462
447 463
447 492
447 499
448 449
448 457
448 465
448 483
448 486
449 463
449 469
449 487
450 466
450 471
450 477
450 498
451 477
452 457
452 459
452 464
452 469
454 471
455 464
455 466
455 477
455 497
456 480
457 470
458 460
459 476
459 479
460 467
460 479
462 469
463 465
464 469
464 473
464 485
464 490
465 467
465 470
465 476
465 482
465 497
466 468
466 475
466 487
466 489
467 486
467 489
468 484
471 485
471 498
472 481
473 490
473 495
475 478
476 488
478 490
481 483
481 487
483 485
483 497
485 487
485 496
487 492
491 497
