100 960
0 15
0 31
0 32
0 40
0 42
0 47
0 65
0 70
0 73
0 75
0 99
1 13
1 18
1 21
1 26
1 75
1 77
1 82
1 85
1 87
1 91
2 12
2 16
2 36
2 49
2 80
2 85
3 8
3 13
3 19
3 54
3 60
3 74
3 84
3 94
4 13
4 36
4 61
4 65
4 70
4 72
4 81
4 93
5 20
5 55
5 69
5 83
5 86
5 92
5 97
5 99
6 27
6 41
6 43
6 51
6 64
6 74
6 84
6 86
7 15
7 17
7 30
7 31
7 36
7 49
7 53
7 63
7 76
8 17
8 32
8 34
8 53
8 70
8 73
8 94
8 96
9 20
9 22
9 24
9 30
9 52
9 53
9 71
9 80
9 81
9 89
9 93
10 22
10 36
10 65
10 75
10 78
10 90
11 12
11 13
11 26
11 48
11 55
11 71
11 73
11 74
11 98
12 20
12 30
12 50
12 58
12 69
12 91
12 93
13 16
13 31
13 35
13 37
13 70
13 78
13 82
13 87
13 95
14 26
14 30
14 46
14 48
14 54
14 56
14 76
14 81
15 46
15 49
15 66
15 75
15 91
16 24
16 57
16 61
16 62
16 68
16 73
16 83
16 94
17 21
17 26
17 52
17 54
17 67
17 73
17 77
17 92
18 31
18 37
18 43
18 73
18 79
18 87
18 88
18 99
19 20
19 46
19 47
19 50
19 75
19 87
20 21
20 25
20 35
20 63
20 74
20 84
21 33
21 35
21 48
21 55
21 56
21 72
21 83
21 86
21 87
21 93
22 42
22 60
22 61
22 62
22 69
22 70
22 74
23 42
23 54
23 62
23 63
23 66
23 74
23 92
23 97
23 98
24 35
24 37
24 42
24 46
24 56
24 69
24 80
24 85
24 87
24 88
24 99
25 35
25 42
25 58
25 63
25 64
25 81
25 97
26 34
26 46
26 48
26 84
27 30
27 52
27 55
27 57
27 69
27 74
27 78
27 82
27 87
28 47
28 48
28 86
28 94
28 95
29 30
29 41
29 44
29 52
29 60
29 77
29 83
29 85
29 97
29 99
30 44
30 56
30 59
30 75
30 99
31 45
31 51
31 69
31 83
31 85
31 88
31 97
32 35
32 40
32 44
32 45
32 49
32 52
32 72
32 99
33 55
33 60
33 78
33 91
33 99
34 47
34 70
34 76
34 84
34 91
34 93
35 51
35 52
35 53
35 87
35 93
35 96
36 65
36 68
37 44
37 49
37 52
37 83
37 85
37 92
38 41
38 68
38 71
38 83
38 84
38 90
39 48
39 50
39 58
39 62
39 63
39 67
39 73
39 77
39 91
39 92
40 50
40 77
40 93
41 54
41 80
41 88
42 48
42 49
42 54
42 55
42 67
42 69
42 78
42 86
42 92
43 62
43 84
43 88
43 91
43 93
44 77
44 84
44 90
45 74
45 78
45 79
45 82
45 97
45 99
46 52
46 61
46 63
46 70
46 78
47 56
47 70
47 92
48 54
48 57
48 59
48 81
48 92
48 96
49 58
49 60
49 64
49 68
49 72
49 84
50 52
50 87
50 90
50 91
50 97
51 65
51 82
51 92
52 71
52 82
52 92
52 94
52 99
53 55
53 65
53 67
53 92
54 55
54 78
54 82
55 75
56 72
56 74
56 88
57 59
57 66
57 71
57 83
57 96
58 80
59 76
60 63
60 71
60 80
60 89
61 86
61 95
62 63
62 75
62 84
62 90
63 64
63 65
63 81
63 82
63 94
64 70
64 71
64 73
64 80
64 81
64 82
64 93
65 71
65 79
65 82
65 83
65 84
66 72
66 79
66 82
66 88
67 77
67 85
67 87
68 73
68 86
68 90
68 94
69 73
69 83
69 84
69 94
70 72
70 75
70 94
70 95
71 84
71 89
72 74
72 83
72 88
73 88
74 75
74 87
75 77
75 87
75 91
75 92
75 98
76 93
77 86
77 88
78 92
78 93
78 96
79 82
79 84
79 87
80 96
81 82
81 97
81 99
82 92
85 87
85 88
85 89
85 92
85 93
85 97
85 99
87 96
88 98
88 99
90 94
91 95
94 95
94 96
0 17
0 20
0 30
0 31
0 33
0 35
0 40
0 58
0 80
0 86
0 88
0 90
1 9
1 15
1 22
1 28
1 29
1 47
1 57
1 58
1 72
2 5
2 7
2 24
2 25
2 47
2 65
2 71
2 94
2 99
3 8
3 11
3 18
3 28
3 37
3 52
3 55
3 61
3 76
3 78
3 82
3 88
3 93
4 6
4 14
4 19
4 22
4 23
4 38
4 39
4 45
4 49
4 51
4 67
4 95
5 15
5 34
5 35
5 36
5 43
5 63
5 79
5 88
5 98
5 99
6 16
6 37
6 43
6 46
6 47
6 57
6 60
6 74
6 97
7 14
7 23
7 35
7 39
7 43
7 51
7 52
8 11
8 17
8 31
8 37
8 43
8 48
8 54
8 59
8 72
8 76
8 95
9 12
9 33
9 34
9 36
9 41
9 51
9 87
9 88
9 94
10 23
10 24
10 27
10 35
10 43
10 49
10 66
11 13
11 23
11 32
11 35
11 39
11 44
11 47
11 58
11 59
11 79
11 84
12 14
12 33
12 59
12 72
12 76
12 92
12 93
13 29
13 59
13 76
13 87
14 27
14 28
14 69
14 77
14 82
14 90
15 18
15 20
15 56
15 96
15 98
16 19
16 21
16 23
16 48
16 52
16 62
16 81
17 24
17 29
17 82
17 97
18 26
18 33
18 41
18 47
18 48
18 59
18 62
18 65
18 73
18 80
18 91
19 26
19 33
19 41
19 49
19 71
19 73
19 83
19 96
20 23
20 27
20 46
20 48
20 50
20 59
20 84
21 25
21 58
21 63
21 67
21 89
21 91
21 93
22 56
23 41
23 58
23 61
23 64
23 81
24 34
24 42
24 59
24 71
24 80
24 81
24 82
24 85
25 28
25 35
25 49
25 52
25 66
25 72
25 79
25 85
25 93
25 98
26 32
26 70
26 73
26 89
26 90
27 31
27 32
27 42
27 46
27 70
27 74
27 87
27 94
28 35
28 36
28 42
28 44
28 45
28 46
28 47
28 71
28 77
29 31
29 33
29 43
29 79
29 81
29 91
29 92
30 31
30 33
30 35
30 42
30 44
30 54
30 59
30 68
30 69
30 73
31 37
31 38
31 46
31 47
31 66
31 67
31 73
32 37
32 42
32 71
32 80
32 91
33 36
33 47
33 49
33 57
33 58
33 64
33 85
33 92
33 94
33 99
34 40
34 45
34 52
34 57
34 65
34 68
34 84
34 94
35 48
35 53
35 65
35 70
35 76
35 77
35 79
36 51
36 53
36 68
36 72
36 75
36 88
36 91
37 58
37 59
37 80
37 85
37 88
37 92
37 93
37 97
38 43
38 45
38 52
38 61
38 70
38 79
38 92
38 93
38 98
39 44
39 50
39 63
39 64
39 80
39 81
40 55
40 58
40 76
41 42
41 50
41 58
41 59
41 61
41 62
41 65
41 68
41 74
41 89
41 92
41 97
42 45
42 60
42 62
42 67
42 77
42 80
42 83
42 98
43 65
43 96
44 60
44 62
44 73
44 75
44 98
45 75
45 82
45 89
46 49
46 51
46 57
46 58
46 59
46 65
46 69
46 74
46 80
46 99
47 48
47 55
47 83
47 97
48 55
48 82
48 85
48 93
48 94
48 99
49 53
49 60
49 67
50 55
50 62
50 67
50 70
50 73
50 87
52 53
52 64
52 66
52 72
52 90
52 99
53 64
53 78
53 81
53 83
53 86
53 87
53 95
54 57
54 73
54 87
55 59
55 61
55 63
55 70
55 94
56 58
56 60
56 63
56 74
56 78
56 84
56 98
57 67
58 81
58 92
58 95
59 64
59 66
59 77
59 81
59 94
60 62
60 66
60 70
60 81
60 87
60 88
61 69
61 85
62 69
62 70
62 80
62 85
62 90
63 64
63 66
63 70
63 84
63 85
63 98
64 81
64 87
64 94
65 79
65 94
66 75
67 69
67 74
68 84
68 89
68 92
69 78
69 80
69 87
70 71
70 75
70 82
70 83
70 95
71 99
72 81
72 83
72 92
72 98
73 81
73 89
74 76
74 77
74 87
74 88
74 94
74 96
74 99
76 90
76 94
76 97
77 79
77 90
78 92
78 98
79 93
80 92
81 82
81 97
82 85
82 95
83 89
83 92
84 89
84 93
85 91
86 93
87 93
88 91
88 94
88 95
89 97
91 93
92 93
92 95
