50 334
0 18
0 26
0 30
0 31
0 32
0 35
0 40
0 46
1 17
1 20
1 44
1 48
2 5
2 6
2 9
2 16
2 24
2 25
2 35
2 38
2 45
3 28
4 5
4 12
4 14
4 29
4 31
4 35
4 40
4 48
5 8
5 23
5 26
5 28
5 34
5 36
5 37
5 38
5 40
5 44
5 45
6 10
6 14
6 16
6 29
6 31
6 37
6 41
7 9
7 16
7 23
7 25
7 26
7 35
7 41
7 46
8 9
8 17
8 22
8 23
9 14
9 24
9 34
9 41
9 42
9 45
9 49
10 11
10 13
10 19
10 21
10 22
10 23
10 46
11 13
11 16
11 22
11 26
11 29
11 32
11 33
11 35
12 13
12 15
12 16
12 31
12 45
12 48
13 23
13 24
13 37
13 41
14 16
14 18
14 23
14 29
14 31
15 24
15 26
15 35
15 43
15 49
16 25
16 27
16 29
16 31
16 33
16 43
17 23
17 34
17 36
17 39
17 43
17 46
18 20
18 26
18 28
18 34
18 35
18 36
19 21
19 35
19 41
19 46
20 29
20 47
20 48
21 24
21 31
21 41
22 47
23 25
23 26
23 30
23 36
23 37
23 42
24 38
24 42
24 43
25 31
25 36
25 47
26 27
26 32
26 35
26 37
26 38
26 41
26 47
27 29
27 30
27 42
28 31
28 32
28 41
29 45
30 32
30 42
30 47
30 48
31 32
31 38
31 46
32 41
32 42
32 44
32 47
33 36
35 38
36 39
36 42
37 38
37 45
37 46
38 42
38 43
38 46
39 45
42 44
42 47
43 45
43 49
45 49
46 49
0 4
0 14
0 30
0 33
0 36
0 38
0 40
0 43
1 6
1 11
1 15
1 19
1 25
2 11
2 14
2 19
3 10
3 13
3 14
3 26
3 35
3 43
4 16
4 18
4 20
4 34
4 39
4 45
5 32
5 36
5 42
5 44
5 47
6 7
6 9
6 29
6 33
6 47
6 49
7 19
7 33
7 36
7 38
7 39
7 46
8 10
8 17
8 21
8 27
8 41
8 45
8 49
9 20
9 25
9 45
10 14
10 23
10 25
10 29
10 37
10 40
10 43
10 44
10 49
11 13
11 20
11 22
11 23
11 27
11 33
11 36
12 13
12 22
13 21
13 27
13 28
13 37
13 41
14 16
14 21
14 48
15 17
15 18
15 22
15 39
15 45
15 49
16 19
16 27
16 35
16 47
17 18
18 28
18 30
19 31
20 25
20 26
20 47
20 49
21 37
22 40
22 42
23 31
23 44
24 35
24 38
24 43
25 34
25 44
26 31
26 33
26 34
26 37
27 31
27 36
27 42
27 46
27 48
28 33
28 37
29 30
29 33
29 38
29 40
29 48
30 34
31 36
31 37
31 44
32 33
32 37
32 40
33 34
34 37
34 38
34 45
35 42
35 44
36 44
37 47
38 43
38 44
40 46
42 49
43 45
43 46
43 49
44 47
44 48
