496
2
90
17
29
9
66
6
26
105
35
69
54
111
79
1
89
44
31
113
81
13
27
115
52
3
112
53
10
51
97
62
41
92
84
55
99
102
85
78
24
45
38
101
40
96
82
58
42
65
86
110
98
0
25
5
91
48
106
61
114
88
32
76
68
56
20
4
8
67
103
87
93
19
21
22
108
34
80
43
107
77
70
73
18
36
12
39
59
28
72
109
30
63
46
11
71
75
100
95
15
74
104
64
14
47
57
37
33
83
50
16
94
49
60
23
7
290
283
324
216
207
210
149
158
117
171
304
202
252
132
318
172
244
238
292
271
254
316
146
137
166
269
168
174
163
228
314
272
178
128
123
217
170
205
203
157
240
286
143
237
159
276
187
299
296
242
273
300
179
282
227
193
224
215
327
243
138
306
265
200
176
230
173
129
116
288
206
198
248
253
189
219
279
142
188
196
194
190
182
162
268
133
169
326
332
311
297
281
293
144
236
139
325
195
334
231
211
141
220
310
257
124
183
313
134
333
192
307
214
249
229
191
241
165
303
323
251
294
270
262
260
275
258
226
255
164
250
312
225
309
267
185
287
261
125
121
266
135
289
315
154
153
122
118
127
285
152
181
274
140
319
245
175
317
209
222
120
321
234
330
184
160
278
320
263
167
232
295
239
131
256
150
221
213
204
156
331
199
218
145
148
305
284
180
259
161
147
329
126
155
328
246
136
235
233
280
212
223
298
322
308
277
208
151
186
301
201
247
291
264
197
177
130
119
302
369
401
361
359
341
428
358
355
340
347
394
343
416
423
338
350
360
421
377
374
357
419
403
344
429
381
386
352
400
379
424
363
368
364
393
427
337
380
391
407
390
413
388
353
399
430
373
402
370
349
412
346
397
392
406
395
417
408
404
383
354
396
409
382
365
351
389
336
342
422
420
414
398
362
426
371
345
385
415
384
335
405
366
410
375
411
339
372
348
418
378
387
425
367
376
356
472
465
466
478
476
444
484
468
495
469
452
492
481
436
441
434
480
462
463
470
432
499
435
471
431
491
457
456
455
475
464
496
494
493
433
490
485
482
449
459
439
498
473
438
442
451
479
461
474
437
489
467
440
458
488
477
460
497
448
450
453
483
446
454
486
