20 155
0 1
0 2
0 3
0 4
0 8
0 9
0 11
0 12
0 13
0 14
0 15
0 19
1 0
1 2
1 4
1 5
1 8
1 9
1 10
1 16
1 17
1 19
2 1
2 5
2 7
2 8
2 9
2 11
2 12
2 15
2 17
2 19
3 1
3 9
3 10
3 11
3 12
3 14
3 18
3 19
0 5
0 6
1 4
1 6
1 8
1 9
1 15
1 16
2 3
2 4
2 5
2 6
2 8
2 11
2 13
2 17
2 18
2 19
3 6
3 7
3 11
3 12
3 14
3 15
3 16
3 17
3 18
4 3
4 6
4 10
4 15
4 16
4 17
5 6
5 10
5 15
5 17
6 7
6 12
6 14
6 16
6 17
6 18
6 19
7 0
7 9
7 16
7 18
8 4
8 10
8 11
8 13
8 18
8 19
9 4
9 5
9 6
9 10
9 14
9 18
10 2
10 6
10 11
10 13
10 14
10 16
10 17
11 1
11 5
11 7
11 9
11 12
12 4
12 8
12 10
12 15
12 19
13 1
13 3
13 5
13 9
13 11
13 12
13 15
13 16
13 17
13 18
14 2
14 7
14 16
14 17
14 18
14 19
15 6
15 11
15 17
16 0
16 2
16 5
16 9
16 11
16 18
17 8
17 9
17 12
17 16
18 0
18 5
18 15
18 17
18 19
19 4
19 5
19 13
19 17
