344
0
146
2
342
3
388
6
305
7
147
8
244
9
459
10
11
12
447
13
256
14
219
15
254
16
157
17
163
18
175
19
358
23
145
24
185
25
485
26
45
27
64
28
360
29
97
30
162
34
149
35
362
36
333
37
431
39
252
41
320
42
337
43
132
44
215
46
168
48
441
49
116
50
165
51
340
52
86
53
95
54
172
56
323
57
61
58
214
59
246
60
92
62
212
63
231
66
140
67
373
68
384
70
456
71
453
72
197
73
363
74
289
75
81
76
309
77
336
78
352
80
494
82
257
83
151
84
161
85
93
87
365
88
213
91
424
94
425
96
417
98
194
99
201
100
223
101
202
102
143
103
415
105
261
106
288
110
396
111
263
112
472
113
406
115
119
117
180
120
370
121
379
125
311
126
243
129
158
130
402
131
348
133
375
137
152
142
409
144
160
148
307
153
338
154
385
155
229
156
258
159
198
164
235
166
218
169
269
170
473
171
359
173
188
176
279
177
478
178
222
181
318
182
306
183
308
184
265
186
439
190
440
191
390
193
326
199
271
204
421
206
312
207
226
221
282
224
313
225
493
227
433
230
430
232
432
233
368
234
322
236
427
237
241
239
281
247
255
249
393
253
273
260
329
266
267
268
332
270
397
272
484
275
405
277
481
283
303
286
376
290
298
291
411
292
446
295
437
299
474
300
381
302
319
310
391
314
330
317
374
321
399
324
479
325
400
346
436
377
483
380
469
386
452
389
451
395
455
407
476
413
486
416
491
423
426
457
489
462
470
464
490
467
482
