678
0
471
1
17
2
399
4
694
5
56
6
267
7
866
8
309
9
272
11
279
12
658
13
461
14
318
15
944
16
953
18
141
19
622
20
81
21
301
22
996
23
352
24
577
25
341
26
115
27
511
28
660
29
536
30
848
32
877
33
561
34
414
35
188
36
194
37
526
38
575
44
381
45
338
46
765
47
556
48
209
49
315
50
378
51
593
52
607
53
207
54
741
57
936
58
260
59
353
60
117
61
66
62
563
64
419
65
687
67
333
69
78
70
583
71
167
72
633
73
263
74
771
77
538
79
525
80
755
82
610
83
403
84
954
85
898
86
540
87
245
88
94
89
776
90
862
91
624
92
269
93
280
96
669
97
691
98
550
99
140
100
233
101
704
103
357
104
523
106
453
108
402
109
152
110
655
111
532
112
390
113
265
114
243
116
391
118
437
119
736
120
296
121
989
122
601
125
614
126
202
127
706
128
244
129
983
130
158
131
232
132
306
133
476
134
711
135
565
137
387
138
680
139
579
142
595
143
392
145
366
146
553
147
373
148
843
149
349
150
337
154
597
155
254
157
585
160
416
161
396
162
359
163
770
164
224
165
542
166
763
168
214
169
480
170
995
172
783
174
411
176
559
177
795
178
406
179
764
180
820
181
885
182
235
184
268
187
407
189
759
190
649
191
429
193
422
195
330
198
868
200
637
201
673
204
436
205
791
206
463
208
986
212
251
216
240
217
276
218
859
219
448
220
446
221
860
222
810
225
907
226
386
227
499
228
632
229
307
230
854
234
236
237
546
238
869
242
497
246
258
247
985
249
676
250
626
252
608
255
266
257
447
259
662
261
681
262
946
273
558
274
963
282
813
283
730
284
796
285
664
286
415
287
506
288
572
289
379
290
930
291
806
293
485
294
528
295
590
297
498
298
955
299
345
300
566
305
644
310
785
312
452
314
332
317
895
319
732
320
433
321
444
322
910
323
829
324
445
325
479
331
999
334
449
335
702
340
560
346
580
347
893
348
441
354
652
360
380
361
911
365
537
367
739
368
431
370
569
371
650
375
466
376
748
377
685
382
708
383
906
385
833
389
562
395
719
398
555
404
956
405
816
408
847
409
621
412
838
417
726
420
494
423
742
424
772
425
921
426
886
427
428
430
630
432
815
434
774
435
491
438
821
439
970
442
804
443
450
454
891
457
629
459
677
464
645
467
745
469
852
472
808
473
853
474
863
477
693
486
698
488
690
492
547
496
920
501
994
507
638
508
758
509
960
510
554
512
761
513
781
517
947
519
809
520
725
521
823
530
721
534
991
535
683
539
695
543
731
548
643
549
613
551
962
570
603
573
832
574
990
576
969
581
705
586
753
587
827
589
915
594
749
606
666
616
828
617
952
623
982
636
805
639
824
642
788
647
718
648
912
653
701
657
679
663
778
665
750
675
846
688
929
692
722
707
733
712
942
715
978
720
897
735
871
737
975
740
861
744
937
756
831
773
917
780
842
790
872
797
938
799
900
814
825
819
988
830
879
851
888
858
889
884
932
896
914
925
992
