405
548
366
869
546
312
53
692
649
392
307
191
17
999
863
847
827
805
795
771
764
732
691
633
593
585
583
538
526
511
447
422
406
387
373
353
286
269
251
214
66
45
995
983
970
952
937
932
926
907
898
862
853
829
806
803
776
741
711
708
673
653
652
622
595
579
559
528
441
404
386
381
361
359
349
315
224
206
140
117
108
81
64
52
11
6
979
953
930
914
895
860
859
858
856
828
824
788
786
773
761
750
719
707
687
681
676
675
663
660
647
645
629
624
614
610
606
605
602
601
597
577
569
562
561
558
539
537
525
509
501
499
498
485
469
461
454
444
436
434
426
416
407
399
385
347
340
337
335
325
324
301
299
291
287
283
280
274
266
258
254
244
236
235
232
198
161
152
148
138
120
111
99
85
62
58
46
32
996
989
985
982
974
972
969
954
947
929
921
915
912
910
908
883
873
872
871
866
855
848
838
831
816
814
813
811
808
799
797
796
783
781
780
775
770
763
759
755
751
749
726
721
720
716
706
705
704
689
672
669
658
655
650
639
638
580
573
570
566
565
553
551
543
540
519
492
471
467
453
438
435
424
420
411
380
348
341
276
268
259
257
233
219
169
167
165
162
115
94
93
73
47
23
5
992
991
990
988
986
978
975
956
955
946
945
944
942
941
936
931
920
906
896
888
885
881
879
861
854
849
845
834
823
820
815
810
807
804
802
801
798
791
785
782
777
774
758
753
748
742
739
736
727
725
724
709
699
698
694
693
690
685
683
679
677
664
659
644
637
635
632
630
626
621
613
608
592
590
575
572
571
555
554
550
536
530
529
524
523
503
497
490
483
476
466
450
449
446
437
433
431
428
414
403
391
390
379
378
369
358
357
338
333
332
330
318
309
306
297
272
267
265
256
245
243
240
238
223
209
202
194
188
183
158
141
78
