202
360
85
30
432
318
222
86
76
49
491
479
388
375
370
358
311
295
246
226
212
163
147
486
456
446
436
431
424
421
408
379
361
342
323
266
256
244
237
175
152
145
115
93
80
24
10
3
475
472
467
466
459
430
418
417
411
395
386
385
384
376
373
365
352
340
333
322
260
252
231
219
218
188
168
144
143
142
140
126
98
72
45
44
43
497
484
473
464
457
453
447
433
415
414
413
406
405
396
393
383
371
368
338
332
326
320
319
313
310
307
304
299
288
282
280
263
254
239
229
214
206
201
177
176
174
161
151
129
92
74
62
61
42
34
27
496
494
493
488
485
483
481
476
470
469
451
443
441
440
439
437
427
426
425
409
403
402
400
399
397
390
381
374
363
362
359
354
348
336
330
308
306
305
303
298
273
271
269
265
261
258
257
255
235
230
227
223
213
202
198
180
172
167
165
157
146
137
132
97
95
81
65
