991
181
41
89
163
8
93
112
169
160
119
131
65
110
38
142
173
21
177
158
132
156
29
101
48
23
28
144
126
60
97
172
67
69
52
17
191
134
159
16
88
36
39
70
185
24
50
171
96
117
76
129
53
66
183
161
61
137
81
140
124
103
108
135
179
57
63
138
149
59
6
186
139
98
58
121
26
165
32
113
174
19
155
43
74
105
116
162
75
56
13
182
109
153
102
180
127
64
31
86
68
71
192
72
94
55
46
25
166
190
164
85
47
10
141
143
111
90
136
125
120
148
11
187
118
150
33
62
12
42
157
80
4
78
14
193
128
35
0
45
188
27
7
18
44
106
170
54
123
122
152
79
34
87
91
3
168
189
176
151
77
1
73
133
83
51
20
147
104
84
146
49
154
82
9
100
2
145
114
30
22
15
167
99
115
184
95
178
37
40
175
130
107
92
5
341
194
593
347
407
346
886
890
798
519
389
262
945
929
729
305
996
814
538
572
941
609
632
975
954
382
970
854
765
596
534
963
487
913
683
902
730
732
669
648
583
350
915
438
575
978
862
794
944
491
739
546
275
812
220
223
787
440
801
342
214
571
665
855
835
684
335
810
861
532
956
797
740
949
709
750
630
916
719
642
212
668
210
968
830
826
637
554
196
715
874
687
626
604
652
937
899
651
461
411
441
278
988
452
762
678
408
803
466
362
957
868
638
588
869
789
497
294
616
308
375
449
367
359
327
887
560
679
561
904
427
808
734
394
343
677
301
859
657
653
522
923
525
930
858
969
644
610
606
530
509
699
208
376
726
483
474
351
403
662
302
828
991
948
217
967
827
672
564
234
764
674
398
745
261
468
463
338
282
242
880
688
856
410
285
281
892
673
357
924
777
633
385
759
619
573
724
256
680
959
485
380
581
518
495
908
552
585
377
875
269
793
426
381
817
432
384
203
562
512
982
369
245
499
209
623
804
527
442
891
706
603
676
548
980
506
363
559
540
505
853
795
934
639
464
831
746
698
690
300
227
881
613
482
454
417
409
379
198
489
691
431
215
456
850
664
570
260
446
330
420
419
800
704
477
587
517
757
345
567
352
984
897
577
204
268
943
718
247
627
444
246
884
703
289
882
846
309
935
737
239
708
832
951
889
990
815
877
628
592
467
284
919
319
576
553
253
206
997
983
843
792
864
819
391
955
938
818
733
663
590
271
228
971
621
829
780
940
415
364
700
475
322
615
238
397
985
520
758
717
236
885
694
216
649
643
333
763
371
479
310
354
635
513
549
221
939
318
932
753
711
602
365
660
348
973
942
905
766
760
500
550
232
707
388
788
755
360
952
597
498
393
953
270
867
964
529
654
317
701
922
279
895
816
893
429
661
565
320
563
543
822
600
558
488
727
640
802
634
735
712
720
413
321
324
840
906
636
894
421
647
574
295
292
811
786
412
778
387
465
667
666
713
339
986
395
230
888
258
255
224
809
692
448
231
806
658
539
325
493
401
250
966
790
618
537
557
211
386
328
807
486
516
736
783
650
443
878
866
848
399
629
781
416
697
511
607
470
842
355
936
515
926
754
601
872
547
437
240
274
195
207
569
422
896
785
445
298
202
909
972
373
349
776
772
769
965
961
473
813
462
947
213
494
404
340
205
782
291
879
544
933
912
366
344
752
695
447
844
998
290
277
989
358
871
987
799
620
451
911
705
927
918
414
710
551
502
400
876
541
535
845
276
311
992
747
457
510
775
751
741
851
742
685
508
501
353
716
396
368
313
641
524
265
476
995
226
566
197
531
774
748
471
455
920
805
914
425
406
714
580
332
598
423
682
860
288
492
257
201
950
235
659
993
928
823
870
252
791
521
903
833
496
259
646
361
434
307
266
981
836
459
273
222
825
254
770
484
907
536
671
605
768
472
925
579
608
478
723
526
251
243
738
533
304
263
453
611
460
568
999
847
728
283
199
838
326
722
405
296
439
316
821
994
979
744
314
773
931
721
280
779
469
624
617
917
901
725
974
756
435
402
244
430
323
731
900
841
796
287
625
545
334
631
528
883
306
200
390
655
749
383
378
910
743
523
960
839
589
863
591
612
303
681
504
771
614
696
428
962
670
272
229
622
542
424
218
297
834
264
594
503
873
329
315
898
865
656
374
337
599
514
249
824
586
555
490
372
946
556
977
433
958
702
921
767
686
595
857
784
248
761
578
481
356
820
645
458
237
976
689
849
507
436
219
837
450
693
675
241
852
312
584
582
392
299
286
