998
0
1
2
5
3
4
6
7
8
9
10
11
12
14
13
16
15
18
17
24
19
23
20
21
22
25
26
31
27
29
28
30
32
33
34
37
35
36
38
39
40
43
41
44
42
47
45
46
48
49
50
51
52
53
54
56
55
58
57
61
59
60
62
65
63
66
64
67
68
71
69
72
70
73
74
77
75
78
76
81
79
80
82
85
83
86
84
87
88
89
90
91
92
93
94
97
95
99
96
100
98
101
102
103
104
106
105
107
108
110
109
112
111
113
114
116
115
118
117
119
120
121
122
124
123
129
125
127
126
128
130
134
131
136
132
137
133
138
135
139
140
142
141
144
143
146
145
147
148
150
149
151
152
153
154
158
155
156
157
159
160
163
161
162
164
166
165
168
167
172
169
170
171
174
173
176
175
177
178
180
179
181
182
183
184
185
186
187
188
189
190
196
191
193
192
197
194
195
198
200
199
201
202
204
203
205
206
207
208
209
210
211
212
214
213
217
215
216
218
219
220
225
221
222
223
224
226
228
227
232
229
230
231
234
233
235
236
237
238
245
239
241
240
243
242
244
246
248
247
252
249
251
250
253
254
258
255
257
256
259
260
261
262
263
264
266
265
269
267
268
270
271
272
273
274
275
276
277
278
279
280
281
282
283
284
289
285
286
287
288
290
296
291
298
292
293
294
295
297
301
299
300
302
306
303
304
305
309
307
310
308
312
311
317
313
315
314
316
318
322
319
326
320
321
323
327
324
325
328
329
330
333
331
334
332
336
335
338
337
341
339
342
340
343
344
346
345
347
348
349
350
351
352
353
354
355
356
358
357
359
360
362
361
363
364
365
366
367
368
370
369
372
371
378
373
374
375
380
376
379
377
382
381
383
384
387
385
386
388
390
389
395
391
396
392
394
393
397
398
399
400
403
401
402
404
405
406
407
408
409
410
412
411
413
414
415
416
422
417
418
419
423
420
426
421
427
424
428
425
429
430
432
431
433
434
437
435
438
436
439
440
443
441
442
444
446
445
447
448
452
449
451
450
453
454
457
455
458
456
462
459
461
460
463
464
466
465
470
467
471
468
472
469
475
473
476
474
477
478
481
479
488
480
482
483
485
484
486
487
497
489
490
491
492
493
500
494
495
496
499
498
501
502
503
504
505
506
507
508
509
510
511
512
515
513
514
516
517
518
522
519
520
521
523
524
525
526
528
527
529
530
532
531
533
534
536
535
539
537
540
538
541
542
543
544
545
546
548
547
550
549
553
551
554
552
557
555
559
556
558
560
563
561
562
564
567
565
568
566
569
570
574
571
572
573
575
576
578
577
579
580
581
582
583
584
585
586
588
587
589
590
591
592
593
594
596
595
597
598
600
599
603
601
604
602
605
606
608
607
609
610
611
612
615
613
616
614
617
618
619
620
621
622
623
624
626
625
627
628
632
629
630
631
633
634
637
635
638
636
639
640
641
642
643
644
649
645
647
646
648
650
651
652
653
654
655
656
657
658
661
659
662
660
663
664
666
665
667
668
670
669
671
672
674
673
676
675
677
678
680
679
681
682
683
684
686
685
687
688
694
689
692
690
691
693
695
696
697
698
699
700
701
702
703
704
706
705
710
707
712
708
713
709
711
714
719
715
716
717
721
718
729
720
722
723
724
725
727
726
728
730
731
732
735
733
734
736
739
737
741
738
743
740
751
742
744
745
746
747
753
748
749
750
752
754
756
755
757
758
761
759
763
760
762
764
765
766
768
767
769
770
771
772
777
773
774
775
780
776
781
778
789
779
782
783
784
785
786
787
791
788
792
790
798
793
794
795
799
796
797
800
801
802
809
803
807
804
805
806
808
810
812
811
813
814
816
815
819
817
818
820
821
822
823
824
825
826
827
828
830
829
832
831
835
833
837
834
836
838
839
840
841
842
852
843
844
845
850
846
847
848
849
851
853
854
855
856
857
858
859
860
861
862
864
863
869
865
873
866
870
867
871
868
874
872
876
875
877
878
881
879
880
882
883
884
886
885
888
887
890
889
891
892
893
894
896
895
898
897
899
900
902
901
903
904
907
905
906
908
909
910
912
911
915
913
914
916
917
918
920
919
921
922
923
924
927
925
926
928
929
930
931
932
933
934
936
935
939
937
938
940
948
941
942
943
945
944
947
946
950
949
951
952
957
953
956
954
958
955
960
959
961
962
964
963
966
965
967
968
970
969
971
972
976
973
974
975
977
978
981
979
980
982
983
984
985
986
988
987
991
989
992
990
993
994
995
996
998
