500
0
1
2
3
4
6
5
7
8
11
9
13
10
14
12
15
16
21
17
20
18
19
22
25
23
26
24
28
27
30
29
32
31
33
34
36
35
40
37
39
38
41
42
43
44
45
46
49
47
48
50
51
52
53
54
55
56
57
58
59
60
61
62
64
63
67
65
68
66
71
69
70
72
73
74
78
75
76
77
80
79
81
82
85
83
84
86
93
87
89
88
90
91
94
92
95
96
98
97
99
100
101
102
103
104
109
105
107
106
108
110
111
112
114
113
115
116
120
117
118
119
121
122
123
124
126
125
128
127
129
130
132
131
133
134
135
136
138
137
141
139
143
140
144
142
145
146
147
148
150
149
153
151
152
154
159
155
157
156
158
160
162
161
163
164
165
166
169
167
168
170
173
171
172
174
175
176
181
177
180
178
183
179
182
184
187
185
186
188
193
189
192
190
191
194
195
196
199
197
200
198
201
202
204
203
205
206
210
207
209
208
211
212
215
213
214
216
218
217
219
220
222
221
224
223
225
226
227
228
232
229
230
231
233
234
236
235
238
237
240
239
242
241
244
243
253
245
246
247
248
249
252
250
251
254
256
255
260
257
258
259
261
262
263
264
265
266
267
268
269
270
273
271
278
272
276
274
275
277
282
279
281
280
285
283
284
286
287
288
289
290
291
292
295
293
294
296
297
298
301
299
300
302
303
304
306
305
309
307
313
308
310
311
312
314
316
315
325
317
318
319
320
321
327
322
326
323
324
328
330
329
331
332
333
334
335
336
337
338
339
340
343
341
344
342
347
345
348
346
350
349
351
352
354
353
355
356
357
358
359
360
362
361
363
364
365
366
368
367
369
370
371
372
373
374
375
376
377
378
379
380
382
381
385
383
386
384
387
388
390
389
391
392
393
394
395
396
397
398
399
400
402
401
403
404
405
406
409
407
410
408
414
411
412
413
415
416
419
417
418
420
423
421
422
424
426
425
427
428
429
430
433
431
432
434
435
436
439
437
441
438
440
442
446
443
444
445
449
447
450
448
451
452
454
453
458
455
456
457
463
459
461
460
462
464
466
465
468
467
471
469
474
470
476
472
473
475
477
478
480
479
482
481
484
483
486
485
487
488
491
489
490
492
494
493
495
496
497
498
499
