1000 1001
0 471
0 605
1 17
1 267
2 399
3 17
4 694
5 56
5 980
6 267
8 309
11 279
11 571
11 700
12 17
12 658
13 461
14 318
15 944
17 179
19 622
21 301
23 352
26 115
26 808
28 660
28 871
28 896
29 536
30 848
32 877
33 561
33 708
34 414
36 194
37 526
38 575
44 381
45 338
45 409
46 765
47 556
48 209
49 315
50 378
51 593
52 607
53 36
53 207
53 266
53 376
53 420
53 457
54 741
56 348
57 936
58 260
58 527
59 353
59 687
60 117
61 66
61 524
62 207
62 563
62 659
64 419
64 839
65 687
66 93
66 166
66 226
66 819
69 78
70 583
71 167
72 633
73 263
73 362
74 771
78 46
79 525
80 755
81 20
83 403
83 859
84 954
85 898
86 540
87 245
89 776
90 862
91 624
92 269
93 280
93 455
94 88
97 691
100 233
101 526
101 704
106 453
106 828
108 402
109 152
111 532
111 941
115 125
116 269
116 391
117 307
117 318
117 500
117 504
119 269
119 736
119 952
120 296
122 23
122 601
126 202
127 706
128 52
128 244
128 526
130 158
131 45
131 232
132 306
133 476
135 565
138 680
138 692
138 934
140 99
140 560
140 666
141 18
141 873
142 595
143 392
143 530
145 366
146 553
147 373
148 843
149 349
150 337
150 807
152 176
152 281
154 597
157 585
158 869
160 416
160 438
162 359
162 602
162 852
163 770
165 542
165 607
166 148
167 858
167 876
168 214
168 802
169 480
170 995
172 783
174 411
176 559
176 597
178 406
179 764
182 235
182 937
183 135
184 268
188 35
188 251
189 6
190 649
190 659
190 908
191 429
191 598
191 754
191 874
193 669
195 330
198 868
199 553
200 637
201 673
201 803
203 540
204 436
205 791
206 50
207 291
207 932
208 986
211 94
212 198
212 251
212 503
214 227
218 64
218 859
219 448
220 446
221 111
221 860
222 810
223 149
224 164
224 181
225 907
227 499
228 632
228 907
229 471
231 770
232 86
232 590
234 236
234 570
235 531
235 615
236 667
237 546
238 74
240 216
240 501
242 585
243 114
244 185
244 782
246 258
249 676
251 645
254 155
254 631
256 249
257 447
257 864
258 692
258 807
259 225
260 672
261 561
261 681
262 711
262 946
265 113
266 19
266 255
268 222
269 207
272 9
273 406
274 963
275 169
275 436
276 92
276 217
280 197
280 491
282 813
283 9
283 730
286 88
286 415
287 506
288 572
289 85
289 379
290 930
291 806
292 46
293 485
295 590
297 184
299 345
299 403
300 566
301 383
301 544
305 644
307 229
307 270
307 631
307 642
312 47
312 373
312 452
312 604
312 890
312 926
317 711
317 895
318 577
319 732
319 799
320 433
320 932
321 444
324 4
324 445
324 464
325 479
325 944
326 453
327 399
330 805
331 6
331 999
332 314
333 67
333 985
334 449
334 548
335 146
335 702
337 825
338 187
338 348
339 140
340 265
340 560
341 25
341 994
343 120
346 287
346 580
347 608
347 893
349 599
349 607
352 750
353 5
353 8
353 335
353 492
354 47
354 652
356 771
357 103
358 217
360 291
360 380
361 911
362 99
362 373
365 537
365 777
365 883
366 234
366 317
366 429
366 552
367 138
368 431
369 255
369 764
370 569
373 667
375 466
375 653
376 373
376 748
377 685
379 434
380 548
380 909
381 20
381 371
383 906
385 383
385 833
386 19
386 226
386 978
387 100
387 137
387 669
389 562
390 112
390 776
392 60
392 635
392 794
392 844
394 953
395 719
396 161
398 555
400 373
400 995
401 366
401 546
404 246
404 956
405 269
406 79
406 145
406 512
407 23
407 187
407 846
408 847
408 945
409 11
409 621
410 52
412 838
413 108
414 856
415 485
415 672
416 184
417 726
418 597
419 274
419 592
420 494
420 541
422 193
422 413
422 627
423 742
425 921
426 886
427 428
429 286
430 895
430 910
432 815
434 555
435 491
435 934
436 641
437 32
437 118
438 821
439 291
439 970
441 72
441 204
441 348
442 525
442 804
445 727
447 202
447 550
450 443
454 348
454 891
457 386
457 629
457 704
461 791
461 885
463 206
465 93
466 349
467 745
469 53
469 168
472 808
475 726
478 257
483 70
484 719
486 698
490 88
490 251
490 853
492 146
492 547
496 920
497 242
497 299
498 57
498 297
499 126
499 187
500 108
500 546
501 994
502 610
505 148
505 569
505 622
506 859
506 974
508 758
509 261
509 960
511 27
511 201
511 575
512 761
513 233
513 781
516 162
517 947
520 725
523 104
523 224
526 68
528 274
528 294
528 509
528 886
529 331
530 721
531 325
534 991
535 683
537 150
537 793
538 50
538 77
538 544
538 658
538 717
539 433
539 491
541 340
543 38
543 731
546 130
546 606
546 695
548 254
548 643
548 699
548 798
549 613
549 974
550 98
550 274
550 366
551 306
552 863
554 510
558 158
558 273
558 451
559 389
559 943
561 938
562 160
562 378
562 447
565 191
565 756
566 757
567 467
569 255
570 603
571 72
573 534
576 869
577 24
577 90
579 119
579 139
579 751
581 705
583 270
583 502
583 535
585 328
585 688
585 706
587 827
589 509
590 681
594 749
595 427
595 636
598 559
601 289
601 714
601 898
602 467
602 548
602 809
603 511
605 282
605 320
606 263
606 305
608 252
610 82
610 452
612 579
614 125
614 171
614 731
615 359
616 828
618 108
620 287
620 361
622 471
623 982
624 519
624 878
626 250
626 447
627 444
627 595
629 588
630 430
630 673
632 937
633 157
633 261
635 345
636 85
637 17
637 426
638 507
639 48
639 824
639 886
642 361
642 392
643 780
644 347
645 145
645 464
645 635
647 228
647 718
649 0
649 111
649 669
649 929
650 371
651 862
652 330
652 870
653 24
653 956
655 110
655 627
656 198
657 679
658 110
658 786
660 302
660 717
661 224
662 259
662 999
663 433
663 764
664 285
665 411
665 750
665 872
666 606
666 848
669 96
671 947
672 691
673 458
675 409
675 535
675 846
676 916
677 459
677 972
684 307
685 236
686 191
687 214
687 294
688 929
689 80
689 575
690 488
690 681
691 376
691 542
691 941
692 120
692 471
693 477
694 873
695 539
697 258
697 652
699 587
701 653
702 404
702 834
703 763
706 279
707 431
707 649
707 733
708 382
708 700
709 142
709 361
709 366
710 337
710 416
711 134
711 868
715 52
716 560
716 688
718 782
719 943
720 330
720 897
721 164
721 312
722 692
723 64
724 395
724 593
724 629
728 266
728 930
729 161
730 663
732 216
732 363
732 824
737 795
739 367
740 861
741 413
741 793
744 359
747 32
747 498
749 314
749 856
750 272
751 44
751 523
753 441
753 586
754 829
755 588
758 858
759 189
759 862
759 928
760 335
761 710
763 166
764 111
764 695
765 81
769 254
771 70
771 496
772 424
773 508
774 434
774 684
775 34
775 507
776 158
776 376
778 663
778 732
780 583
780 842
781 315
781 924
782 795
783 174
783 771
785 310
786 1
786 695
788 218
788 642
788 836
790 872
790 926
792 219
794 526
795 177
795 489
795 668
796 45
796 284
796 584
797 310
797 938
798 59
799 206
799 593
801 317
803 131
803 454
805 636
806 489
806 651
809 519
811 294
811 417
813 522
814 74
814 825
815 387
816 405
816 695
817 708
820 180
820 469
820 803
822 593
823 359
823 521
824 445
824 636
825 633
827 324
827 513
827 813
828 818
829 229
829 323
829 944
830 879
831 284
831 756
832 283
832 387
832 573
836 847
837 676
838 427
839 741
842 692
842 827
843 422
843 622
845 65
845 806
847 219
847 413
847 621
849 120
849 147
851 888
852 469
853 424
853 473
853 736
854 230
854 979
855 194
855 286
855 742
856 177
857 519
860 5
860 332
862 281
863 474
863 769
863 825
865 907
866 7
866 733
868 99
869 238
869 992
870 525
871 735
875 805
877 385
881 177
881 869
882 381
883 202
885 181
889 858
889 983
894 6
894 454
895 584
898 855
898 997
900 799
902 58
906 761
907 822
908 214
908 536
910 322
911 85
911 926
912 648
912 914
912 960
914 896
914 917
915 589
915 630
915 805
916 485
916 546
916 983
917 773
920 286
921 2
921 404
922 863
923 99
925 45
925 214
925 992
926 61
926 942
929 817
930 689
931 474
932 235
932 884
933 501
934 206
935 511
937 131
937 744
940 869
941 294
942 315
942 712
943 424
948 17
949 251
949 593
949 869
950 638
952 268
952 617
952 740
953 16
953 396
954 304
955 298
955 426
956 179
957 444
959 633
959 650
962 551
963 315
964 647
966 580
966 989
969 378
969 576
970 127
970 475
970 603
972 581
973 422
975 737
976 81
977 161
977 673
978 715
979 157
979 962
981 707
982 648
983 129
983 876
984 81
984 705
984 773
985 247
988 819
989 121
990 574
992 399
994 805
995 408
995 459
996 22
996 237
996 548
999 431
999 902
999 934
