100 107
0 21
0 59
1 37
1 54
2 6
2 58
3 1
3 80
6 56
7 14
7 38
8 83
9 24
9 63
11 26
11 78
12 62
13 3
15 23
15 50
16 52
17 43
18 98
19 60
20 16
20 84
21 51
22 44
23 77
25 53
25 96
27 10
28 98
30 66
33 19
33 85
34 49
35 2
36 9
37 67
37 87
39 49
40 49
40 53
42 21
42 31
42 38
43 53
43 85
43 90
45 23
46 53
46 93
47 31
50 71
53 84
53 86
55 31
56 46
56 92
58 44
61 29
62 55
64 21
66 29
67 71
68 17
68 36
68 53
70 73
71 34
72 20
72 49
72 51
72 86
73 19
73 48
74 1
74 57
75 35
75 83
76 47
77 57
77 96
79 44
79 75
82 55
82 90
83 98
84 44
86 39
86 40
86 78
86 82
88 99
89 77
91 16
91 25
91 28
91 39
92 0
95 93
97 18
97 81
98 23
98 62
99 97
