500 502
3 388
3 483
9 459
10 11
10 89
10 213
11 147
12 447
13 256
14 219
14 479
16 157
17 163
18 175
18 227
19 358
23 145
24 185
24 230
25 485
28 360
29 97
29 431
30 162
30 266
30 338
34 149
34 205
37 431
38 3
39 252
41 320
42 337
43 132
43 170
43 241
43 295
44 215
44 295
44 334
45 26
45 156
46 168
46 453
47 333
48 441
49 13
49 116
49 138
50 165
51 340
52 86
52 244
52 304
53 95
53 176
54 172
54 212
56 252
56 323
57 61
58 214
58 436
63 231
64 27
64 418
65 51
66 140
66 222
67 30
68 384
71 453
72 197
72 499
74 289
74 350
75 81
76 309
76 451
79 342
80 494
83 151
83 383
84 161
85 92
85 93
85 170
85 280
85 339
86 297
86 341
86 485
92 60
92 417
93 444
96 417
98 194
99 201
100 49
100 86
101 202
102 76
102 143
104 30
105 246
105 261
106 93
106 288
106 299
108 42
109 140
109 360
111 175
111 263
112 49
113 406
113 409
113 432
115 119
115 306
116 219
117 143
117 180
120 370
121 379
123 379
125 311
125 408
126 37
126 61
130 402
132 23
132 142
133 375
134 375
137 133
140 248
141 80
142 85
142 409
144 76
144 160
144 482
146 0
146 376
147 7
147 210
147 305
149 152
151 378
152 137
152 406
155 229
155 388
156 258
156 361
158 129
159 198
162 280
163 208
163 269
163 426
164 235
167 37
169 269
169 424
170 473
171 45
171 459
173 188
174 30
174 63
174 256
175 220
177 7
178 222
180 446
181 318
184 265
188 334
190 440
191 390
192 115
194 418
201 189
204 421
205 72
206 164
207 226
209 152
212 62
213 88
214 232
215 174
216 212
217 98
217 263
218 166
218 264
221 282
222 51
222 359
222 367
223 100
225 168
225 311
225 493
226 12
226 258
226 276
226 429
227 433
228 421
230 71
230 430
231 34
231 370
233 368
234 322
234 496
235 304
236 370
236 433
237 83
237 190
237 241
239 281
241 62
242 145
242 212
243 126
243 340
244 8
244 117
244 168
245 421
246 59
246 95
246 206
246 269
247 255
249 27
250 3
250 24
252 42
253 115
253 273
253 323
253 456
254 15
254 35
254 93
256 85
256 382
256 428
257 82
259 61
260 247
262 472
264 24
266 51
266 97
267 266
267 322
267 403
269 318
269 424
271 199
272 385
272 484
273 385
275 212
275 405
276 231
277 481
278 188
278 322
279 176
280 97
282 166
282 491
283 303
283 373
284 44
285 144
288 384
290 298
291 143
292 323
292 446
293 307
295 437
296 142
297 163
299 474
305 6
306 182
307 148
307 388
307 417
308 183
309 319
309 488
310 391
310 495
311 196
311 394
312 206
312 219
312 222
313 133
313 224
313 237
314 330
317 295
317 374
318 61
318 129
318 458
319 302
320 189
320 475
322 408
323 232
324 145
324 479
324 497
326 193
328 266
329 260
332 268
332 438
333 36
336 77
338 153
338 250
340 289
342 2
342 70
342 143
345 239
348 131
351 49
351 318
352 64
352 78
352 496
353 93
354 63
358 125
358 303
358 461
359 171
359 418
360 46
360 88
360 103
360 497
361 34
361 86
361 340
362 35
363 73
365 87
365 113
365 128
366 92
368 290
370 155
371 58
371 181
373 67
373 76
375 30
375 36
375 156
375 356
376 286
376 397
379 267
379 496
380 10
380 469
381 300
381 311
381 459
383 193
384 41
385 154
386 277
388 396
389 393
392 360
393 249
393 358
395 28
395 455
396 102
396 110
397 270
398 333
399 321
400 325
401 229
403 175
405 180
405 295
406 308
408 224
408 326
410 260
410 326
411 53
411 291
413 197
413 221
413 479
413 486
414 16
414 111
415 80
415 103
415 127
420 411
421 78
422 161
424 91
424 288
425 94
425 388
426 423
427 236
428 168
429 80
430 146
431 362
432 126
432 219
432 232
432 377
432 490
436 178
436 346
437 28
439 3
439 186
441 436
442 373
443 291
444 288
446 73
446 347
447 162
451 389
452 386
454 129
456 44
456 70
456 211
457 183
457 431
457 489
458 62
464 101
464 490
466 309
466 447
466 485
467 286
467 482
467 483
468 386
470 462
472 112
472 261
473 381
475 26
475 336
476 145
476 395
476 407
478 177
479 0
479 344
481 361
483 377
484 271
485 76
486 148
486 239
486 490
488 370
491 63
491 161
491 261
491 416
492 147
493 430
494 243
497 329
498 98
498 218
