452
489
462
55
341
265
200
125
464
198
114
314
261
204
79
368
66
465
449
307
260
226
48
435
425
274
165
61
334
224
431
418
318
86
493
291
193
135
103
37
451
448
399
347
322
159
476
319
303
129
100
0
458
402
230
182
484
386
270
267
150
133
487
397
231
141
290
243
180
153
64
21
468
421
268
234
73
10
463
460
356
325
187
104
96
60
478
277
210
203
120
111
74
35
469
422
315
285
206
119
52
453
423
372
455
447
392
370
317
288
221
197
191
115
454
404
357
310
146
54
38
28
419
364
350
181
113
110
477
445
360
332
294
237
36
9
7
496
475
279
186
179
101
78
456
437
436
355
348
250
155
71
50
373
304
194
44
405
394
387
382
376
352
258
229
144
90
70
22
366
233
213
162
156
147
30
472
408
262
211
190
76
49
1
412
389
342
336
188
145
43
499
498
331
240
177
174
3
446
396
391
346
292
208
94
67
42
41
8
6
432
426
383
328
275
158
33
409
333
176
163
105
12
473
407
327
242
154
81
47
25
379
375
374
320
215
131
107
89
482
378
361
278
269
241
220
209
173
480
450
416
395
384
259
157
2
483
457
443
414
393
362
358
149
68
11
490
441
434
417
390
287
252
166
108
459
410
388
371
337
245
202
183
148
142
116
59
51
433
363
286
137
136
123
17
15
430
351
300
289
152
134
444
424
413
369
353
324
308
225
168
13
4
354
338
311
297
295
272
257
199
160
77
57
27
429
428
400
385
377
329
222
139
130
488
321
282
264
82
45
26
14
381
349
344
301
205
117
23
491
485
438
316
302
256
253
248
138
124
411
380
312
306
305
298
296
276
235
178
151
46
481
439
339
266
249
228
216
164
161
85
494
365
345
299
293
247
218
167
122
112
18
486
466
452
420
415
271
223
217
189
140
126
99
84
442
343
273
263
239
106
102
98
72
58
495
467
340
313
280
238
219
184
170
109
97
95
93
83
80
56
39
403
398
367
335
254
232
92
75
479
330
323
309
283
246
227
214
172
169
143
121
62
