930
510
864
966
470
98
773
265
214
555
490
200
188
827
609
529
476
306
179
973
919
387
176
34
0
884
596
495
872
585
518
468
460
248
203
49
898
652
85
931
708
584
578
561
488
297
251
84
899
691
548
527
526
492
229
836
822
788
665
441
408
143
815
670
547
511
80
829
724
370
368
354
327
95
5
984
972
705
627
618
461
383
82
936
932
888
679
663
344
217
115
944
808
595
532
238
112
38
31
970
956
651
646
443
442
336
153
930
720
711
635
612
425
209
60
18
998
924
923
881
877
750
535
426
303
223
892
889
792
766
599
480
448
416
361
234
137
463
342
299
159
83
2
974
910
790
770
723
411
298
895
870
667
641
471
414
207
122
113
108
53
36
33
950
887
855
810
740
690
677
553
439
169
823
745
730
586
466
429
423
353
340
124
54
949
874
779
668
556
339
320
937
927
821
732
568
546
322
277
247
132
997
963
928
912
782
701
407
401
398
395
198
57
960
853
844
830
795
749
570
315
259
945
882
817
781
709
634
617
593
483
266
88
28
859
838
716
700
647
619
603
583
484
321
164
806
688
682
660
528
478
371
326
269
255
231
860
839
748
542
435
374
222
221
155
149
51
941
763
747
582
446
402
264
172
136
116
977
943
765
574
358
317
301
245
215
109
871
842
655
536
501
437
397
280
268
213
140
12
4
955
916
778
666
604
601
597
533
464
278
79
981
837
833
702
474
421
392
233
212
166
144
104
103
90
77
995
908
819
746
727
377
152
68
50
875
865
703
681
639
636
502
338
270
148
975
909
903
856
738
678
534
500
250
183
110
791
693
669
664
620
350
311
19
964
820
579
577
531
373
365
357
271
192
64
47
35
933
753
725
648
640
481
457
380
242
951
922
867
861
761
742
714
697
598
505
445
419
399
328
325
131
120
24
999
978
901
850
812
764
622
567
436
412
372
263
954
934
921
777
699
656
477
434
431
386
295
178
105
948
911
849
734
715
676
659
520
472
469
438
235
129
23
824
805
756
685
661
613
591
390
30
29
25
14
834
807
762
744
728
504
486
465
364
360
287
156
71
686
672
543
381
359
290
202
73
59
52
968
843
818
799
771
751
707
621
459
452
440
294
267
227
177
87
979
883
789
769
743
704
650
614
611
498
241
138
942
800
733
643
630
564
473
449
394
379
284
273
27
962
852
840
785
692
576
432
430
417
243
174
878
726
675
657
558
540
519
333
244
236
201
111
96
993
866
863
816
698
637
626
552
537
281
262
260
46
15
988
971
896
813
775
649
623
391
388
352
335
314
983
959
845
739
717
654
608
594
413
292
282
218
184
162
139
74
62
40
39
17
902
629
538
422
396
199
173
126
101
987
851
804
783
658
588
541
261
246
208
170
161
130
128
37
929
841
752
509
433
400
356
279
230
118
58
55
907
900
894
876
809
671
581
521
296
72
48
992
713
662
625
610
566
549
513
494
475
334
293
196
133
67
967
880
801
710
696
554
550
428
375
366
329
286
254
239
224
13
1
961
926
731
722
695
569
458
415
393
385
363
348
119
89
61
41
935
925
644
616
607
418
362
304
185
991
980
953
846
832
811
803
755
754
600
592
451
447
389
272
257
186
65
7
6
985
940
915
862
848
847
828
814
405
318
285
283
249
210
154
94
66
913
906
784
767
653
384
324
291
228
194
191
16
996
969
780
760
572
571
369
275
204
197
157
102
75
890
802
768
589
573
523
499
467
330
309
100
20
11
10
947
918
904
776
757
632
580
539
496
450
444
349
237
123
63
986
965
914
885
854
798
787
772
741
737
721
683
590
563
524
403
343
258
232
45
21
957
759
687
645
633
562
559
517
453
409
378
211
175
86
78
976
952
893
873
869
565
545
491
253
252
171
989
982
958
946
891
797
642
515
493
485
479
404
382
376
347
313
307
288
274
226
189
180
56
8
920
905
719
628
602
530
503
454
406
355
319
312
193
158
147
125
121
43
9
994
868
825
793
718
631
456
427
341
332
240
225
220
145
42
939
917
879
857
794
774
736
735
624
516
514
508
323
316
305
195
135
69
938
897
796
758
729
706
689
684
674
638
615
575
455
424
410
351
331
310
276
205
190
187
114
99
