986
0
26
1
78
2
14
3
4
5
6
7
27
8
37
9
117
10
19
11
16
12
43
13
25
15
35
17
53
18
72
20
106
21
54
22
30
23
55
24
52
28
47
29
102
31
86
32
34
33
58
36
68
38
39
40
50
41
96
42
46
44
65
45
216
48
51
49
113
56
79
57
115
59
85
60
73
61
64
62
76
63
119
66
98
67
129
69
108
70
112
71
105
74
104
75
91
77
99
80
89
81
118
82
149
83
163
84
169
87
139
88
110
90
132
92
109
93
162
94
116
95
134
97
138
100
146
101
211
103
122
107
156
111
124
114
177
120
218
121
127
123
154
125
144
126
193
128
168
130
160
131
171
133
161
135
221
136
176
137
187
140
153
141
174
142
179
143
208
145
251
147
164
148
185
150
245
151
203
152
196
155
199
157
172
158
202
159
219
165
173
166
253
167
170
175
209
178
225
180
183
181
226
182
189
184
267
186
306
188
250
190
204
191
200
192
198
194
205
195
252
197
320
201
246
206
281
207
313
210
231
212
328
213
254
214
242
215
224
217
262
220
248
222
235
223
261
227
384
228
241
229
232
230
268
233
257
234
285
236
290
237
321
238
249
239
240
243
295
244
284
247
256
255
317
258
298
259
288
260
372
263
269
264
280
265
274
266
309
270
293
271
276
272
287
273
334
275
307
277
311
278
279
282
305
283
365
286
339
289
370
291
303
292
355
294
318
296
352
297
325
299
327
300
301
302
364
304
368
308
395
310
358
312
340
314
360
315
326
316
322
319
335
323
344
324
377
329
396
330
345
331
375
332
350
333
385
336
371
337
427
338
397
341
348
342
380
343
381
346
369
347
362
349
411
351
414
353
373
354
379
356
392
357
404
359
454
361
393
363
403
366
431
367
390
374
415
376
387
378
471
382
383
386
401
388
457
389
448
391
407
394
428
398
413
399
402
400
412
405
452
406
433
408
438
409
477
410
466
416
419
417
443
418
472
420
449
421
434
422
436
423
450
424
460
425
507
426
476
429
505
430
495
432
490
435
474
437
511
439
440
441
464
442
486
444
467
445
515
446
539
447
494
451
459
453
528
455
480
456
484
458
527
461
478
462
468
463
585
465
523
469
510
470
548
473
485
475
533
479
534
481
518
482
503
483
519
487
547
488
517
489
499
491
516
492
500
493
498
496
540
497
541
501
513
502
588
504
530
506
709
508
561
509
550
512
568
514
581
520
546
521
571
522
549
524
599
525
554
526
552
529
555
531
544
532
604
535
542
536
538
537
566
543
556
545
611
551
578
553
601
557
579
558
580
559
573
560
603
562
582
563
673
564
572
565
677
567
609
569
647
570
622
574
584
575
596
576
634
577
637
583
674
586
606
587
608
589
613
590
602
591
656
592
618
593
624
594
665
595
615
597
661
598
707
600
636
605
725
607
614
610
633
612
694
616
667
617
686
619
629
620
641
621
680
623
681
625
690
626
644
627
654
628
670
630
679
631
663
632
730
635
645
638
687
639
652
640
649
642
743
643
658
646
669
648
653
650
703
651
717
655
735
657
736
659
692
660
727
662
691
664
705
666
675
668
712
671
751
672
708
676
684
678
773
682
722
683
774
685
783
688
761
689
710
693
770
695
720
696
748
697
726
698
791
699
757
700
732
701
778
702
740
704
716
706
728
711
733
713
755
714
799
715
792
718
805
719
746
721
729
723
747
724
734
731
786
737
812
738
787
739
817
741
821
742
826
744
768
745
754
749
759
750
763
752
982
753
769
756
864
758
833
760
785
762
794
764
771
765
795
766
781
767
801
772
815
775
796
776
891
777
784
779
859
780
852
782
798
788
851
789
870
790
843
793
907
797
824
800
823
802
818
803
830
804
873
806
836
807
811
808
814
809
884
810
974
813
822
816
914
819
820
825
889
827
840
828
839
829
878
831
842
832
890
834
844
835
872
837
854
838
863
841
845
846
995
847
855
848
849
850
868
853
903
856
928
857
876
858
883
860
865
861
945
862
966
866
906
867
885
869
915
871
875
874
920
877
886
879
899
880
921
881
911
882
901
887
908
888
943
892
952
893
937
894
922
895
902
896
924
897
941
898
905
900
990
904
935
909
925
910
918
912
923
913
970
916
956
917
940
919
975
926
946
927
930
929
994
931
939
932
978
933
947
934
950
936
957
938
999
942
944
948
976
949
953
951
969
954
987
955
958
960
996
961
963
962
964
965
977
968
972
973
985
980
986
