494
0
5
1
12
2
3
4
7
6
39
8
24
9
10
11
55
13
16
14
30
15
45
17
33
18
25
19
49
20
52
21
28
22
29
23
41
26
51
27
83
31
50
32
105
34
36
35
42
37
85
38
56
40
74
43
63
44
66
46
59
47
75
48
98
53
60
54
139
57
61
58
162
62
96
64
111
65
84
67
77
68
70
69
95
71
81
72
115
73
134
76
106
78
149
79
90
80
124
82
92
86
87
88
158
89
132
91
107
93
136
94
119
97
173
99
153
100
102
101
108
103
120
104
131
109
181
110
130
112
171
113
125
114
179
116
140
117
146
118
151
121
161
122
127
123
145
126
128
129
194
133
214
135
152
137
164
138
141
142
157
143
224
144
180
147
170
148
163
150
174
154
172
155
218
156
189
159
192
160
165
166
186
167
188
168
226
169
234
175
187
176
193
177
225
178
182
183
231
184
204
185
199
190
209
191
210
195
248
196
221
197
201
198
238
200
203
202
316
205
208
206
256
207
211
212
219
213
216
215
254
217
245
220
242
222
230
223
232
227
228
229
236
233
270
235
273
237
285
239
253
240
257
241
250
243
275
244
297
246
258
247
269
249
288
251
259
252
296
255
277
260
262
261
264
263
293
265
287
266
355
267
289
268
276
271
286
272
315
274
308
278
282
279
284
280
369
281
349
283
324
290
356
291
312
292
305
294
311
295
318
298
354
299
339
300
301
302
309
303
328
304
330
306
362
307
338
310
321
313
320
314
336
317
409
319
326
322
325
323
391
327
340
329
344
331
341
332
367
333
335
334
357
337
352
342
378
343
347
345
359
346
395
348
372
350
385
351
366
353
364
358
408
360
425
361
396
363
381
365
456
368
384
370
400
371
418
373
407
374
388
375
394
376
402
377
434
379
412
380
476
382
392
383
406
386
404
387
397
389
399
390
439
393
437
398
423
401
405
403
419
410
420
411
441
413
435
414
496
415
421
416
485
417
447
422
431
424
428
426
489
427
446
429
430
432
433
436
440
438
492
442
454
443
486
444
460
445
448
449
450
451
477
452
457
453
466
455
464
458
459
461
482
462
478
463
465
467
484
468
493
469
474
470
479
471
490
472
480
473
495
481
483
491
497
